MS/SAPS/Departamento de Saúde da Família ­ DESF 
Dados sujeitos à alteração 
---Descrição dos Filtros Utilizados---
Competência: SET/2016.
Estado: SC.
Tipo de Produção: Atendimento Individual.
"Tipo de Atendimento: Cons. agen. prog/cuid. cont., Consulta agendada, Dem. esp. esc. inicial/orient., Dem. esp. consulta no dia, Dem. esp. atendimento urgência."
"Probl/ Condição Avaliada: Asma, Diabetes, DPOC, Hipertensão arterial, Obesidade, Tabagismo, Usuário de álcool, Saúde mental, D.Transmissíveis - Hanseníase, D.Transmissíveis - Tuberculose, Rast. câncer de mama, Rast. câncer do colo do útero."


Uf;Ibge;Municipio;Asma;Diabetes;DPOC;Hipertensão arterial;Obesidade;Tabagismo;Usuário de álcool;Saúde mental;D.Transmissíveis - Hanseníase;D.Transmissíveis - Tuberculose;Rast. câncer de mama;Rast. câncer do colo do útero;
SC;420830;ITAPEMA;22;171;14;358;31;41;9;224;2;5;2;1;
SC;420395;CAPIVARI DE BAIXO;12;158;4;202;2;0;0;450;0;0;4;2;
SC;420890;JARAGUÁ DO SUL;57;604;27;1.318;207;142;26;746;2;3;0;308;
SC;421105;MONTE CARLO;10;53;9;272;22;14;4;98;0;0;8;54;
SC;421795;TIGRINHOS;1;8;8;31;1;0;0;45;0;0;32;0;
SC;420475;CUNHATAÍ;2;6;7;35;13;2;3;10;0;1;22;21;
SC;420880;JAGUARUNA;28;131;4;208;8;4;4;199;0;0;7;3;
SC;420850;ITUPORANGA;26;14;2;268;4;2;0;224;0;0;0;0;
SC;421430;RANCHO QUEIMADO;4;18;4;62;15;4;1;23;0;0;23;25;
SC;421240;PEDRAS GRANDES;4;18;3;58;2;1;1;171;0;0;11;13;
SC;421930;VIDEIRA;0;28;5;55;30;0;0;20;0;0;0;0;
SC;421610;SÃO DOMINGOS;2;9;4;71;46;6;0;20;0;0;0;9;
SC;420050;ÁGUAS DE CHAPECÓ;15;17;6;41;5;0;1;34;0;0;0;0;
SC;420610;GRÃO PARÁ;0;4;0;6;0;11;0;45;0;0;0;0;
SC;420200;BALNEÁRIO CAMBORIÚ;16;173;28;351;11;77;7;205;0;3;2;0;
SC;420700;IÇARA;167;537;15;1.087;50;31;4;1.669;3;9;63;199;
SC;420420;CHAPECÓ;119;1.050;126;3.810;417;111;33;2.542;0;4;424;1.412;
SC;420390;CAPINZAL;6;57;0;144;9;2;1;257;0;0;5;29;
SC;420075;ALTO BELA VISTA;0;1;3;96;3;4;0;78;0;0;0;0;
SC;420780;IRANI;13;28;35;110;2;35;24;332;0;0;41;44;
SC;421700;SÃO LUDGERO;3;18;1;33;14;35;0;27;0;0;0;0;
SC;421020;MAJOR GERCINO;1;3;1;5;2;0;0;19;1;0;0;0;
SC;421145;NOVA ITABERABA;16;66;22;300;82;28;8;172;0;0;34;6;
SC;421290;PINHALZINHO;34;203;22;423;211;47;9;509;3;9;290;289;
SC;420290;BRUSQUE;112;407;68;1.021;158;122;22;1.089;0;7;414;580;
SC;420330;CAMPO ALEGRE;14;57;13;203;35;36;5;74;0;0;8;31;
SC;420060;ÁGUAS MORNAS;3;26;0;79;21;1;3;61;0;0;0;0;
SC;421970;XAXIM;8;26;8;85;36;15;3;63;0;0;0;3;
SC;421985;ZORTÉA;0;13;0;40;0;4;2;178;0;0;40;38;
SC;421370;POUSO REDONDO;10;53;8;172;32;5;0;275;0;0;2;0;
SC;420415;CELSO RAMOS;0;0;0;2;0;0;0;9;0;0;0;0;
SC;421030;MAJOR VIEIRA;0;0;0;0;0;0;0;101;0;0;0;0;
SC;421915;VARGEM;2;5;8;50;2;1;0;36;0;0;0;0;
SC;420640;GUARACIABA;1;24;3;78;7;1;0;92;0;0;10;26;
SC;420470;CUNHA PORÃ;9;44;14;261;33;8;6;305;0;0;10;29;
SC;420400;CATANDUVAS;9;29;9;141;5;0;2;64;0;0;0;58;
SC;421895;URUPEMA;0;2;1;1;6;0;0;210;0;0;0;0;
SC;420545;FORQUILHINHA;88;394;66;578;64;12;16;1.158;2;4;194;644;
SC;420160;ARROIO TRINTA;0;7;0;31;21;0;2;54;0;0;0;51;
SC;420410;CAXAMBU DO SUL;13;20;7;32;25;1;2;157;0;1;0;0;
SC;420720;IMARUÍ;17;88;7;263;25;6;2;343;0;0;7;7;
SC;421360;PORTO UNIÃO;8;79;12;229;18;6;3;95;0;0;0;61;
SC;420570;GAROPABA;2;42;0;103;5;2;0;215;0;0;8;9;
SC;420220;BENEDITO NOVO;8;72;18;218;28;10;0;255;0;16;123;85;
SC;420730;IMBITUBA;0;56;7;30;6;2;3;164;0;0;51;169;
SC;421150;NOVA TRENTO;11;67;8;239;17;3;2;330;0;0;0;0;
SC;420790;IRINEÓPOLIS;0;13;1;55;0;0;1;47;0;0;0;0;
SC;420208;BANDEIRANTE;0;2;0;10;0;0;0;1;0;0;0;0;
SC;421625;SÃO JOÃO DO OESTE;28;30;16;114;51;6;6;243;0;0;67;92;
SC;420768;IPUAÇU;1;16;1;79;5;0;3;167;0;0;4;0;
SC;420990;LONTRAS;42;177;22;603;64;10;2;1.348;0;0;6;0;
SC;421223;PARAÍSO;14;22;5;99;2;2;0;34;0;0;0;0;
SC;421790;TANGARÁ;0;63;0;139;70;5;7;106;0;0;6;81;
SC;421230;PAULO LOPES;1;5;3;41;1;5;0;30;0;0;0;0;
SC;420930;LAGES;180;995;152;2.627;233;193;50;2.037;13;5;137;246;
SC;421320;POMERODE;32;189;14;522;25;3;5;906;0;0;31;0;
SC;421060;MASSARANDUBA;2;70;2;364;4;35;5;220;0;0;0;0;
SC;420785;IRATI;2;11;3;19;14;1;1;17;0;0;16;16;
SC;420245;BOMBINHAS;1;23;0;44;15;32;0;43;0;0;0;0;
SC;421165;NOVO HORIZONTE;7;1;8;41;0;0;0;101;0;0;0;0;
SC;420360;CAMPOS NOVOS;40;380;36;1.101;69;203;14;658;0;0;24;143;
SC;420209;BARRA BONITA;4;12;3;36;14;0;0;64;0;0;13;19;
SC;422000;BALNEÁRIO RINCÃO;16;183;27;239;21;20;4;163;2;2;10;14;
SC;421160;NOVA VENEZA;25;102;0;350;35;59;0;264;0;0;278;56;
SC;420250;BOM JARDIM DA SERRA;1;3;3;18;0;0;0;20;0;0;0;0;
SC;420760;IPIRA;2;62;8;154;1;18;2;498;0;0;2;2;
SC;420080;ANCHIETA;4;19;0;155;30;0;0;129;0;0;82;76;
SC;420445;CORONEL MARTINS;66;63;36;72;39;0;0;111;0;0;0;0;
SC;421490;RIO FORTUNA;1;9;9;27;4;1;0;174;0;0;21;19;
SC;421730;SAUDADES;0;0;1;11;0;1;0;3;0;0;84;88;
SC;421265;PESCARIA BRAVA;0;15;0;17;7;2;0;40;0;0;0;0;
SC;420845;ITAPOÁ;2;145;3;296;37;4;1;125;0;20;0;0;
SC;420530;FAXINAL DOS GUEDES;2;50;12;221;48;2;2;256;2;0;57;148;
SC;420840;ITAPIRANGA;17;27;8;132;6;18;21;449;0;0;110;380;
SC;421680;SÃO JOSÉ DO CERRITO;5;12;6;19;4;0;0;56;0;0;0;0;
SC;420417;CERRO NEGRO;0;0;0;0;0;0;0;10;0;0;0;0;
SC;421890;URUBICI;0;1;0;1;0;0;0;1;0;0;0;0;
SC;420480;CURITIBANOS;50;312;47;1.015;46;115;13;531;0;0;0;251;
SC;421225;PASSO DE TORRES;0;2;1;22;0;0;0;63;0;0;0;253;
SC;421570;SANTO AMARO DA IMPERATRIZ;25;52;5;123;37;1;3;121;0;0;0;0;
SC;420170;ASCURRA;8;76;22;260;61;40;8;298;0;6;0;0;
SC;420205;BALNEÁRIO BARRA DO SUL;3;44;3;124;3;0;0;37;0;0;0;0;
SC;420140;ARARANGUÁ;57;381;35;1.096;171;31;22;1.932;0;3;143;195;
SC;420430;CONCÓRDIA;41;299;18;777;29;34;3;463;0;0;11;2;
SC;420207;BALNEÁRIO GAIVOTA;20;6;0;21;4;0;2;8;0;0;0;1;
SC;421190;PALHOÇA;66;569;59;1.154;183;143;24;1.334;0;11;279;415;
SC;421910;VARGEÃO;4;43;41;288;8;20;3;510;0;0;0;2;
SC;420070;ALFREDO WAGNER;14;44;6;167;18;7;3;244;0;0;3;0;
SC;421335;PONTE ALTA DO NORTE;4;28;7;41;1;4;1;31;0;0;0;0;
SC;421187;PAIAL;0;2;0;0;3;0;2;18;0;0;0;0;
SC;420535;FLOR DO SERTÃO;0;4;19;8;10;2;3;40;1;0;17;28;
SC;421840;TREZE DE MAIO;0;0;0;0;0;0;0;0;0;0;0;13;
SC;420380;CANOINHAS;23;247;35;762;60;19;2;402;0;0;12;2;
SC;421900;URUSSANGA;26;236;42;594;84;120;16;1.210;0;0;184;326;
SC;421330;PONTE ALTA;1;11;0;11;0;1;0;43;0;0;2;4;
SC;421725;SÃO PEDRO DE ALCÂNTARA;3;8;1;6;1;0;0;25;0;0;0;0;
SC;420435;CORDILHEIRA ALTA;0;2;0;13;0;0;0;10;0;0;0;0;
SC;421545;SANGÃO;0;4;0;7;1;0;1;15;0;0;0;0;
SC;420130;ARAQUARI;24;179;31;431;121;32;5;212;0;4;58;130;
SC;420120;ANTÔNIO CARLOS;5;11;8;32;9;7;7;154;0;0;0;30;
SC;421350;PORTO BELO;2;91;5;142;65;10;3;165;0;0;6;5;
SC;421175;OTACÍLIO COSTA;9;131;23;277;10;20;3;325;0;0;6;5;
SC;421640;SÃO JOÃO DO SUL;9;14;2;14;2;6;3;143;0;0;0;0;
SC;420460;CRICIÚMA;377;1.909;279;5.039;878;181;65;4.586;3;20;506;1.257;
SC;421710;SÃO MARTINHO;8;10;4;29;4;9;1;94;0;0;1;0;
SC;420970;LEBON RÉGIS;1;59;9;160;44;20;0;62;0;0;3;10;
SC;420240;BLUMENAU;17;151;3;323;33;12;13;160;2;10;0;13;
SC;421920;VIDAL RAMOS;2;23;5;76;5;5;2;57;0;0;0;1;
SC;420750;INDAIAL;42;309;32;942;76;36;10;1.193;0;2;1;29;
SC;421800;TIJUCAS;18;157;4;598;4;2;2;263;2;2;1;2;
SC;421110;MONTE CASTELO;0;20;4;58;1;0;0;42;0;0;0;83;
SC;421170;ORLEANS;38;147;19;140;81;36;7;130;0;0;0;0;
SC;421569;SANTIAGO DO SUL;2;2;0;4;13;2;0;140;0;0;0;6;
SC;421720;SÃO MIGUEL DO OESTE;31;96;22;221;55;22;6;298;2;2;37;25;
SC;420800;ITÁ;68;36;0;475;4;106;14;351;0;0;32;57;
SC;420270;BOTUVERÁ;8;12;12;46;4;0;1;36;0;0;0;0;
SC;420127;ARABUTÃ;3;16;2;59;11;2;2;61;0;0;7;0;
SC;421820;TIMBÓ;38;365;35;861;23;111;14;1.159;2;1;0;1;
SC;421590;SÃO BONIFÁCIO;0;6;1;34;0;0;0;11;0;0;1;0;
SC;420543;FORMOSA DO SUL;0;24;0;150;3;0;0;2;0;0;0;0;
SC;420945;LAJEADO GRANDE;7;4;4;34;6;0;2;32;0;0;0;14;
SC;421950;XANXERÊ;36;306;42;927;93;49;28;1.993;0;0;266;262;
SC;420210;BARRA VELHA;46;363;90;638;78;52;14;381;0;5;46;94;
SC;421917;VARGEM BONITA;52;52;20;202;57;34;3;122;0;0;22;30;
SC;420125;APIÚNA;38;185;46;490;191;97;24;550;0;0;32;40;
SC;421090;MODELO;9;72;4;122;15;2;3;190;4;0;36;126;
SC;421505;RIO RUFINO;1;1;1;9;3;0;1;25;0;0;0;0;
SC;421540;SALTO VELOSO;5;20;3;31;8;0;0;72;0;0;2;0;
SC;421600;SÃO CARLOS;2;24;3;147;1;1;0;153;0;0;28;24;
SC;421420;QUILOMBO;4;14;0;50;20;0;0;354;0;0;0;0;
SC;420100;ANITA GARIBALDI;1;29;11;102;7;17;4;82;0;0;2;0;
SC;421185;OURO VERDE;11;40;4;145;6;6;3;68;0;0;66;66;
SC;420580;GARUVA;2;57;1;84;7;4;3;40;0;1;0;0;
SC;420740;IMBUIA;4;31;10;151;5;36;1;189;0;0;0;0;
SC;420310;CAIBI;7;55;3;289;15;9;3;188;0;0;6;3;
SC;421220;PAPANDUVA;13;178;12;469;5;22;8;256;1;1;28;36;
SC;420519;ERMO;7;46;12;133;56;18;4;317;0;0;2;0;
SC;421520;ROMELÂNDIA;0;12;1;30;0;3;0;12;2;0;14;16;
SC;420350;CAMPO ERÊ;3;30;3;98;62;2;1;193;0;0;26;47;
SC;420005;ABDON BATISTA;0;11;8;54;0;1;1;3;0;0;0;0;
SC;420340;CAMPO BELO DO SUL;10;28;6;260;0;0;2;244;0;1;0;0;
SC;421000;LUIZ ALVES;2;27;1;129;54;17;5;127;0;0;0;17;
SC;420419;CHAPADÃO DO LAGEADO;6;20;0;98;14;11;2;28;0;0;2;60;
SC;421835;TREVISO;6;64;12;210;48;10;0;600;0;0;49;90;
SC;420765;IPORÃ DO OESTE;33;114;22;536;114;5;6;553;2;0;45;165;
SC;421300;PINHEIRO PRETO;0;2;0;16;13;0;0;0;0;0;0;1;
SC;420670;HERVAL D'OESTE;6;106;19;222;5;7;4;214;1;0;5;2;
SC;420555;FREI ROGÉRIO;0;7;4;27;0;1;3;25;0;0;0;4;
SC;420915;JOSÉ BOITEUX;0;8;1;17;0;0;0;27;0;0;0;0;
SC;421125;MORRO GRANDE;0;10;0;18;20;0;0;0;0;0;0;0;
SC;420950;LAURENTINO;5;17;23;33;33;0;2;77;0;0;0;0;
SC;420960;LAURO MULLER;7;181;22;352;33;17;6;563;0;0;86;73;
SC;420150;ARMAZÉM;0;21;1;14;0;1;1;23;0;0;1;0;
SC;421635;SÃO JOÃO DO ITAPERIÚ;1;27;0;64;2;4;1;142;0;1;24;43;
SC;421050;MARAVILHA;40;101;18;378;121;27;19;304;2;0;70;78;
SC;421227;PASSOS MAIA;2;6;11;33;0;3;8;132;0;0;5;13;
SC;420775;IRACEMINHA;0;3;4;23;2;0;2;71;0;1;8;6;
SC;420285;BRAÇO DO TROMBUDO;0;15;2;119;13;0;1;39;0;0;0;0;
SC;421825;TIMBÓ GRANDE;5;12;0;99;1;1;0;40;0;0;0;0;
SC;421070;MATOS COSTA;2;16;0;33;1;10;0;52;0;0;0;3;
SC;420710;ILHOTA;13;62;5;148;54;16;2;220;0;0;11;14;
SC;421650;SÃO JOAQUIM;12;35;3;102;8;7;2;76;0;0;12;3;
SC;420215;BELMONTE;0;30;13;108;0;5;0;38;0;0;0;0;
SC;421575;SÃO BERNARDINO;5;5;0;75;53;18;0;7;0;0;0;0;
SC;421880;TURVO;0;6;0;8;0;0;0;67;0;0;0;0;
SC;420515;DOUTOR PEDRINHO;4;98;6;196;31;10;0;30;0;0;20;25;
SC;421690;SÃO LOURENÇO DO OESTE;21;137;7;453;42;15;3;145;0;4;85;86;
SC;421560;SANTA ROSA DE LIMA;0;3;4;8;5;0;0;39;0;0;0;0;
SC;420455;CORREIA PINTO;9;106;28;253;102;16;8;199;0;1;30;67;
SC;420590;GASPAR;10;16;34;6;18;91;6;681;0;2;30;44;
SC;420820;ITAJAÍ;46;374;34;902;230;66;27;574;0;7;337;526;
SC;421470;RIO DOS CEDROS;2;97;3;305;33;5;0;113;0;5;162;229;
SC;421550;SANTA CECÍLIA;6;42;15;103;3;0;1;221;0;0;0;0;
SC;420370;CANELINHA;0;21;4;75;1;1;0;40;0;0;0;3;
SC;421740;SCHROEDER;24;88;3;170;16;5;2;211;0;0;1;1;
SC;421140;NOVA ERECHIM;0;0;0;0;0;0;0;31;0;0;0;0;
SC;421555;SANTA HELENA;3;54;13;146;43;10;1;266;0;0;16;18;
SC;420630;GUABIRUBA;32;366;51;1.073;294;109;28;583;0;2;66;88;
SC;420195;BALNEÁRIO ARROIO DO SILVA;12;98;8;225;36;26;8;100;0;0;12;68;
SC;420620;GRAVATAL;6;42;2;72;2;0;0;27;0;0;2;2;
SC;421885;UNIÃO DO OESTE;1;8;5;31;6;6;3;39;0;0;1;0;
SC;420500;DIONÍSIO CERQUEIRA;11;45;6;124;23;53;2;60;3;1;31;27;
SC;421568;SANTA TEREZINHA DO PROGRESSO;0;5;0;10;0;0;0;12;0;0;0;0;
SC;420020;AGROLÂNDIA;4;30;0;104;12;1;1;106;0;0;11;10;
SC;420510;DONA EMMA;6;25;14;87;37;10;0;24;0;0;0;0;
SC;420940;LAGUNA;24;147;9;352;25;21;2;150;2;0;7;19;
SC;421480;RIO DO SUL;21;113;25;362;121;60;8;784;1;0;83;73;
SC;420300;CAÇADOR;76;438;68;1.552;281;108;16;613;7;6;150;255;
SC;420810;ITAIÓPOLIS;27;97;15;388;58;14;13;701;0;0;130;212;
SC;420315;CALMON;0;15;4;50;10;2;0;81;0;0;4;6;
SC;420517;ENTRE RIOS;0;5;1;28;0;0;2;24;0;0;0;0;
SC;421670;SÃO JOSÉ DO CEDRO;4;88;13;253;84;8;15;520;3;0;32;108;
SC;421620;SÃO FRANCISCO DO SUL;6;124;8;382;4;0;2;346;0;0;0;0;
SC;421875;TUNÁPOLIS;0;24;11;109;2;0;0;181;4;2;40;43;
SC;420895;JARDINÓPOLIS;8;12;2;44;16;4;6;120;0;0;20;40;
SC;421535;SALTINHO;0;15;0;84;35;4;0;0;0;0;0;0;
SC;420660;GUARUJÁ DO SUL;8;16;0;64;6;4;4;22;2;0;43;35;
SC;420260;BOM RETIRO;3;24;0;74;3;0;2;107;0;0;0;0;
SC;421410;PRESIDENTE NEREU;0;0;0;0;0;0;0;94;0;0;10;20;
SC;421940;WITMARSUM;6;15;2;57;1;9;2;252;0;2;3;2;
SC;421860;TROMBUDO CENTRAL;5;38;7;94;5;1;3;44;0;0;0;0;
SC;421660;SÃO JOSÉ;277;1.181;97;2.468;239;244;30;1.829;1;7;26;225;
SC;420550;FRAIBURGO;111;513;135;934;162;40;6;1.232;2;2;91;141;
SC;421580;SÃO BENTO DO SUL;39;689;32;1.316;13;11;13;304;0;4;0;48;
SC;421755;SERRA ALTA;16;25;9;80;13;3;0;44;0;1;14;49;
SC;421280;BALNEÁRIO PIÇARRAS;18;74;8;227;6;6;10;256;0;0;6;0;
SC;421770;SOMBRIO;9;49;5;136;25;5;4;272;0;0;1;0;
SC;421380;PRAIA GRANDE;0;6;2;14;1;0;1;17;0;0;0;2;
SC;420985;LINDÓIA DO SUL;0;8;1;36;25;10;1;101;0;0;22;21;
SC;420665;GUATAMBÚ;0;1;0;0;0;0;1;4;0;0;0;0;
SC;420325;CAPÃO ALTO;0;3;0;5;0;0;0;4;0;0;0;0;
SC;421250;PENHA;0;1;0;1;0;0;0;0;0;0;0;0;
SC;421130;NAVEGANTES;0;181;23;480;16;1;4;226;13;3;5;212;
SC;421530;SALETE;12;120;29;476;74;46;4;392;0;0;30;41;
SC;421080;MELEIRO;26;16;2;86;2;10;6;384;0;0;8;8;
SC;421750;SEARA;0;8;0;8;6;0;0;89;0;0;2;0;
SC;421450;RIO DO CAMPO;3;18;2;53;0;1;0;68;0;0;0;0;
SC;421510;RODEIO;10;150;29;571;66;27;10;468;0;0;0;0;
SC;421935;VITOR MEIRELES;19;70;26;271;37;32;1;478;0;0;0;0;
SC;420030;AGRONÔMICA;0;8;3;5;1;37;10;47;0;0;0;0;
SC;421460;RIO DO OESTE;0;40;0;120;26;4;4;112;0;0;0;0;
SC;420540;FLORIANÓPOLIS;868;2.425;233;6.033;347;327;86;5.268;8;89;106;24;
SC;421715;SÃO MIGUEL DA BOA VISTA;20;12;2;17;4;16;1;16;0;0;0;68;
SC;421003;LUZERNA;9;37;12;198;6;16;1;126;0;0;28;51;
SC;420165;ARVOREDO;0;0;0;0;0;0;0;0;0;0;0;11;
SC;420320;CAMBORIÚ;24;216;27;669;72;27;18;352;0;1;21;56;
SC;421100;MONDAÍ;2;46;7;224;6;0;5;288;0;0;4;23;
SC;421565;SANTA ROSA DO SUL;11;120;11;500;1;3;1;557;0;0;19;84;
SC;420690;IBIRAMA;5;143;13;389;62;32;4;198;0;0;28;61;
SC;420770;IPUMIRIM;4;54;10;223;95;2;2;134;0;6;16;29;
SC;420860;JABORÁ;23;11;6;45;0;0;4;143;0;0;17;16;
SC;421850;TREZE TÍLIAS;1;3;1;5;0;0;2;109;0;0;0;0;
SC;420917;JUPIÁ;18;116;91;342;92;22;18;334;0;6;0;2;
SC;421315;PLANALTO ALEGRE;10;22;1;133;37;2;3;139;0;0;26;37;
SC;421200;PALMA SOLA;14;69;14;225;30;14;4;188;2;24;34;144;
SC;420243;BOCAINA DO SUL;2;9;0;27;1;3;0;23;0;0;4;5;
SC;421830;TRÊS BARRAS;51;278;71;686;99;55;8;557;0;0;1;1;
SC;421760;SIDERÓPOLIS;37;139;18;315;167;27;15;333;0;1;46;60;
SC;421415;PRINCESA;0;14;2;32;0;2;0;131;4;0;0;0;
SC;420650;GUARAMIRIM;1;78;9;153;5;3;2;96;1;3;2;0;
SC;420090;ANGELINA;18;56;22;328;10;2;4;442;0;0;40;34;
SC;420230;BIGUAÇU;67;240;33;532;183;24;4;765;2;3;0;2;
SC;420425;COCAL DO SUL;32;362;24;936;154;112;2;722;0;18;114;156;
SC;421960;XAVANTINA;0;16;6;12;8;2;0;8;0;0;0;26;
SC;421500;RIO NEGRINHO;23;413;23;624;20;28;2;636;1;1;1;218;
SC;420520;ERVAL VELHO;16;15;2;22;2;4;0;154;0;0;1;0;
SC;421870;TUBARÃO;190;818;157;1.816;276;156;36;3.694;1;1;222;209;
SC;420490;DESCANSO;5;90;14;226;17;1;7;114;0;0;19;22;
SC;421010;MAFRA;35;338;25;651;24;9;4;521;0;2;0;0;
SC;421310;PIRATUBA;58;24;11;49;10;58;8;482;0;0;6;61;
SC;420180;ATALANTA;0;4;0;89;0;0;0;168;0;0;0;0;
SC;420040;ÁGUA DOCE;3;6;6;11;0;0;0;26;0;0;0;0;
SC;420257;BOM JESUS DO OESTE;0;0;0;0;0;0;0;150;0;0;0;0;
SC;420600;GOVERNADOR CELSO RAMOS;26;40;0;84;2;0;0;74;0;0;8;26;
SC;421205;PALMEIRA;2;15;1;123;11;0;0;47;0;0;0;2;
SC;421005;MACIEIRA;1;0;1;9;6;0;2;35;0;0;4;0;
SC;420900;JOAÇABA;31;131;25;332;13;11;1;163;0;1;4;8;
SC;421270;PETROLÂNDIA;6;138;8;575;12;6;2;692;0;0;14;24;
SC;420110;ANITÁPOLIS;3;1;1;18;0;27;0;214;0;0;0;0;
SC;421440;RIO DAS ANTAS;0;13;0;9;32;0;0;1;0;0;1;8;
SC;421630;SÃO JOÃO BATISTA;18;105;6;252;70;24;9;368;0;2;9;10;
SC;421210;PALMITOS;51;94;13;277;25;78;5;142;1;0;19;14;
SC;420213;BELA VISTA DO TOLDO;0;28;0;88;22;1;1;96;0;0;1;20;
SC;421780;TAIÓ;35;104;2;304;26;2;0;605;0;0;40;150;
SC;421120;MORRO DA FUMAÇA;53;122;4;232;62;43;1;426;0;20;9;42;
SC;420280;BRAÇO DO NORTE;14;74;3;217;20;2;6;1.191;2;5;15;70;
SC;420910;JOINVILLE;232;2.156;79;3.480;360;127;102;2.537;0;16;34;197;
SC;420287;BRUNÓPOLIS;5;11;0;49;11;19;9;106;0;0;0;7;
SC;420450;CORUPÁ;15;125;4;337;46;13;1;210;0;1;0;0;
SC;420980;LEOBERTO LEAL;1;1;0;1;0;0;0;2;0;0;0;0;
SC;421400;PRESIDENTE GETÚLIO;30;162;22;634;56;34;8;440;2;0;16;6;
SC;421507;RIQUEZA;4;15;8;14;23;2;1;66;0;0;4;4;
SC;420253;BOM JESUS;0;1;0;3;0;0;0;166;0;0;0;9;


Fonte: Sistema de Informação em Saúde para a Atenção Básica - SISAB;
E-mail: sisab@saude.gov.br;
Dado gerado em: 14 de Abril de 2022 - 16:01h
Coordenação Geral de Informação da Atenção Primária - CGIAP/DESF
