MS/SAPS/Departamento de Saúde da Família ­ DESF 
Dados sujeitos à alteração 
---Descrição dos Filtros Utilizados---
Competência: MAI/2016.
Estado: SC.
Tipo de Produção: Atendimento Individual.
"Tipo de Atendimento: Cons. agen. prog/cuid. cont., Consulta agendada, Dem. esp. esc. inicial/orient., Dem. esp. consulta no dia, Dem. esp. atendimento urgência."
"Probl/ Condição Avaliada: Asma, Diabetes, DPOC, Hipertensão arterial, Obesidade, Tabagismo, Usuário de álcool, Saúde mental, D.Transmissíveis - Hanseníase, D.Transmissíveis - Tuberculose, Rast. câncer de mama, Rast. câncer do colo do útero."


Uf;Ibge;Municipio;Asma;Diabetes;DPOC;Hipertensão arterial;Obesidade;Tabagismo;Usuário de álcool;Saúde mental;D.Transmissíveis - Hanseníase;D.Transmissíveis - Tuberculose;Rast. câncer de mama;Rast. câncer do colo do útero;
SC;421720;SÃO MIGUEL DO OESTE;42;69;33;246;90;27;5;271;1;2;47;36;
SC;420800;ITÁ;139;25;0;70;2;0;0;50;0;0;0;0;
SC;420270;BOTUVERÁ;4;2;1;18;0;0;0;21;0;0;0;0;
SC;421820;TIMBÓ;47;300;23;896;23;46;4;1.040;0;0;1;0;
SC;420127;ARABUTÃ;15;24;5;71;18;6;2;151;0;0;20;16;
SC;420945;LAJEADO GRANDE;2;8;0;34;0;0;0;62;0;0;0;5;
SC;420210;BARRA VELHA;30;160;56;426;20;28;3;228;0;1;31;86;
SC;421950;XANXERÊ;62;244;31;747;79;47;22;1.318;0;0;261;169;
SC;420125;APIÚNA;16;142;20;348;166;52;10;430;0;0;62;58;
SC;421917;VARGEM BONITA;15;34;3;166;28;21;1;64;0;0;24;26;
SC;421505;RIO RUFINO;0;8;0;10;0;0;2;40;0;0;0;1;
SC;421540;SALTO VELOSO;3;33;2;49;0;0;1;107;0;0;0;0;
SC;421600;SÃO CARLOS;2;17;2;148;1;1;1;165;0;0;21;16;
SC;421420;QUILOMBO;12;12;0;20;12;0;0;252;0;0;0;0;
SC;421185;OURO VERDE;12;29;5;156;12;9;2;93;0;0;1;0;
SC;420580;GARUVA;4;51;3;61;2;4;0;13;2;0;0;0;
SC;420100;ANITA GARIBALDI;5;22;3;67;3;17;7;40;0;0;0;0;
SC;421220;PAPANDUVA;19;122;9;450;15;8;2;203;0;0;20;50;
SC;420350;CAMPO ERÊ;20;82;18;268;162;26;6;524;0;0;14;54;
SC;420310;CAIBI;16;85;8;628;43;9;2;217;1;0;4;4;
SC;420519;ERMO;21;27;5;116;49;13;7;144;0;0;0;0;
SC;420740;IMBUIA;6;19;1;110;0;0;1;98;0;0;0;0;
SC;421520;ROMELÂNDIA;2;13;7;52;6;12;1;10;8;0;10;22;
SC;421000;LUIZ ALVES;4;35;1;151;50;7;3;103;0;0;1;13;
SC;420340;CAMPO BELO DO SUL;3;16;4;55;3;0;0;39;0;0;0;0;
SC;420419;CHAPADÃO DO LAGEADO;0;0;0;3;1;6;0;18;0;0;0;0;
SC;421835;TREVISO;28;144;18;236;38;24;0;484;0;0;86;100;
SC;420765;IPORÃ DO OESTE;28;52;12;540;56;0;2;406;0;2;50;86;
SC;421300;PINHEIRO PRETO;0;5;0;14;0;0;0;0;0;0;0;0;
SC;420915;JOSÉ BOITEUX;2;20;1;61;0;1;0;105;0;0;0;0;
SC;420950;LAURENTINO;13;69;41;153;60;0;2;451;0;0;4;0;
SC;420670;HERVAL D'OESTE;11;114;14;396;10;6;7;221;0;3;10;4;
SC;420555;FREI ROGÉRIO;10;30;7;52;18;0;3;56;0;0;0;10;
SC;421125;MORRO GRANDE;5;5;3;1;2;0;0;6;0;0;2;3;
SC;420960;LAURO MULLER;4;38;4;84;13;7;1;121;0;0;68;118;
SC;421050;MARAVILHA;65;135;17;500;118;9;13;336;6;0;94;92;
SC;420150;ARMAZÉM;2;10;0;3;0;0;0;10;0;0;2;0;
SC;421227;PASSOS MAIA;0;2;0;2;0;2;4;106;0;0;0;0;
SC;421635;SÃO JOÃO DO ITAPERIÚ;1;28;2;87;0;4;5;136;0;8;19;17;
SC;420285;BRAÇO DO TROMBUDO;20;132;16;476;84;24;4;76;0;0;0;0;
SC;420775;IRACEMINHA;7;4;6;63;0;0;3;24;0;0;8;0;
SC;421825;TIMBÓ GRANDE;2;36;4;120;5;1;0;156;0;0;0;4;
SC;421070;MATOS COSTA;8;15;3;29;1;3;0;36;0;0;0;7;
SC;421650;SÃO JOAQUIM;19;109;18;270;48;11;2;120;0;0;13;14;
SC;420710;ILHOTA;16;64;5;171;65;20;14;282;0;2;8;16;
SC;421560;SANTA ROSA DE LIMA;3;12;4;17;19;2;0;68;0;0;0;0;
SC;421690;SÃO LOURENÇO DO OESTE;47;246;18;853;37;11;0;264;0;2;50;106;
SC;421575;SÃO BERNARDINO;0;18;1;117;16;1;0;4;0;0;0;0;
SC;420215;BELMONTE;0;36;2;88;0;1;1;0;0;0;0;0;
SC;421880;TURVO;0;2;0;6;0;0;0;11;0;0;0;17;
SC;420820;ITAJAÍ;177;1.407;129;3.377;736;254;66;2.136;0;30;924;1.317;
SC;420590;GASPAR;29;147;11;439;86;24;5;288;0;0;9;34;
SC;420455;CORREIA PINTO;9;93;17;254;96;9;1;213;0;0;18;25;
SC;420370;CANELINHA;5;26;15;118;1;0;1;38;0;2;1;0;
SC;421470;RIO DOS CEDROS;18;51;7;113;9;22;2;68;0;0;91;88;
SC;421550;SANTA CECÍLIA;11;40;2;114;1;0;2;114;0;0;0;8;
SC;421740;SCHROEDER;29;54;8;158;9;2;4;155;0;0;5;0;
SC;421140;NOVA ERECHIM;0;0;0;0;0;0;0;25;0;0;0;0;
SC;421555;SANTA HELENA;7;35;2;133;126;3;0;231;0;0;3;14;
SC;420630;GUABIRUBA;38;244;40;820;218;73;22;472;0;2;40;54;
SC;420195;BALNEÁRIO ARROIO DO SILVA;0;29;2;84;10;6;0;22;0;0;8;8;
SC;421885;UNIÃO DO OESTE;2;2;8;44;18;2;8;55;2;0;0;28;
SC;420620;GRAVATAL;0;4;2;36;0;0;0;6;0;2;0;0;
SC;420020;AGROLÂNDIA;9;62;12;179;7;4;8;336;0;0;2;0;
SC;420940;LAGUNA;71;521;171;1.024;68;30;18;348;0;1;170;149;
SC;420510;DONA EMMA;2;7;3;23;3;3;1;4;0;0;0;0;
SC;421568;SANTA TEREZINHA DO PROGRESSO;0;0;8;22;0;0;1;10;0;0;2;0;
SC;420300;CAÇADOR;65;353;54;1.443;146;131;10;593;2;3;79;186;
SC;421480;RIO DO SUL;15;100;28;295;77;21;2;810;0;0;97;86;
SC;420810;ITAIÓPOLIS;31;141;39;575;190;13;15;792;0;0;86;156;
SC;420315;CALMON;2;33;5;115;22;5;0;27;0;3;16;15;
SC;420517;ENTRE RIOS;0;0;0;0;0;0;0;0;0;0;2;42;
SC;421670;SÃO JOSÉ DO CEDRO;9;64;9;218;1;4;4;198;6;4;12;113;
SC;421620;SÃO FRANCISCO DO SUL;0;11;0;17;1;0;0;6;0;0;0;0;
SC;421875;TUNÁPOLIS;3;14;3;76;0;5;0;315;3;2;22;38;
SC;421535;SALTINHO;1;21;0;175;73;3;0;2;0;0;1;0;
SC;420260;BOM RETIRO;8;32;3;104;6;0;0;78;0;0;0;0;
SC;420660;GUARUJÁ DO SUL;21;30;5;68;61;0;0;27;0;0;2;1;
SC;421410;PRESIDENTE NEREU;0;8;0;8;36;0;0;168;0;0;36;60;
SC;420870;JACINTO MACHADO;6;0;0;12;0;0;0;19;0;0;0;0;
SC;421860;TROMBUDO CENTRAL;4;27;9;109;12;4;2;61;0;0;0;0;
SC;421940;WITMARSUM;2;18;4;59;2;1;2;243;0;6;0;0;
SC;420550;FRAIBURGO;126;570;108;1.256;150;70;16;1.330;0;0;104;222;
SC;421660;SÃO JOSÉ;307;1.092;86;1.996;166;138;28;1.142;0;4;168;311;
SC;421580;SÃO BENTO DO SUL;32;584;26;1.128;20;4;15;257;0;0;0;13;
SC;421755;SERRA ALTA;5;17;4;23;1;0;3;76;0;0;5;105;
SC;421770;SOMBRIO;23;53;5;193;29;9;1;231;0;0;9;9;
SC;421380;PRAIA GRANDE;25;18;11;61;4;0;1;110;0;0;0;0;
SC;420325;CAPÃO ALTO;21;18;0;32;1;0;0;13;0;0;0;0;
SC;420665;GUATAMBÚ;0;0;0;0;0;0;10;71;0;0;0;0;
SC;421280;BALNEÁRIO PIÇARRAS;0;0;0;0;0;0;0;119;0;0;0;0;
SC;420985;LINDÓIA DO SUL;0;4;0;32;14;0;0;164;0;0;0;0;
SC;420560;GALVÃO;10;26;4;92;4;6;2;22;0;0;0;0;
SC;421530;SALETE;16;124;46;453;22;12;2;218;0;0;2;32;
SC;421080;MELEIRO;22;6;2;38;40;28;0;475;0;0;0;0;
SC;421750;SEARA;0;2;0;0;16;0;0;5;0;0;0;0;
SC;421130;NAVEGANTES;0;0;1;3;1;0;0;0;0;0;0;0;
SC;421460;RIO DO OESTE;12;132;4;455;94;4;8;197;0;0;0;0;
SC;421510;RODEIO;28;259;55;1.041;131;17;8;662;0;10;4;4;
SC;421935;VITOR MEIRELES;3;146;77;551;115;30;2;523;0;0;20;2;
SC;421450;RIO DO CAMPO;12;38;4;94;2;3;0;59;0;0;0;0;
SC;420845;ITAPOÁ;3;147;15;205;33;4;6;192;0;0;0;0;
SC;421890;URUBICI;11;38;13;99;13;9;1;82;0;0;4;2;
SC;420530;FAXINAL DOS GUEDES;1;18;9;89;28;6;3;47;0;0;17;34;
SC;420417;CERRO NEGRO;0;0;0;0;0;0;0;15;0;0;0;0;
SC;421680;SÃO JOSÉ DO CERRITO;0;4;0;10;0;0;0;25;0;0;0;0;
SC;420840;ITAPIRANGA;2;0;0;0;0;0;0;0;0;0;0;0;
SC;420170;ASCURRA;38;158;50;559;146;33;4;527;0;7;0;0;
SC;420205;BALNEÁRIO BARRA DO SUL;7;68;6;186;15;1;0;109;0;0;1;0;
SC;420480;CURITIBANOS;16;147;16;423;8;87;2;278;0;0;19;44;
SC;421225;PASSO DE TORRES;0;2;0;4;0;0;0;0;0;0;0;217;
SC;421570;SANTO AMARO DA IMPERATRIZ;15;67;2;126;11;10;2;100;0;0;0;1;
SC;421190;PALHOÇA;133;530;51;1.372;81;93;26;1.540;0;6;256;299;
SC;420430;CONCÓRDIA;39;285;66;1.449;90;39;7;702;0;0;248;305;
SC;420140;ARARANGUÁ;128;491;41;1.444;94;63;37;1.963;0;0;211;295;
SC;421910;VARGEÃO;8;98;65;376;26;84;2;676;0;0;2;12;
SC;420207;BALNEÁRIO GAIVOTA;2;38;5;86;19;13;1;21;0;1;11;16;
SC;420070;ALFREDO WAGNER;27;53;7;165;19;6;4;297;0;0;2;0;
SC;421335;PONTE ALTA DO NORTE;2;0;1;7;0;0;0;10;0;0;0;0;
SC;421187;PAIAL;0;0;0;0;0;0;3;52;0;0;0;0;
SC;421340;PONTE SERRADA;13;135;9;224;20;32;11;266;0;0;15;32;
SC;420535;FLOR DO SERTÃO;0;5;5;19;15;2;13;18;0;0;15;3;
SC;421900;URUSSANGA;43;199;33;456;98;47;11;593;0;2;88;196;
SC;420380;CANOINHAS;25;204;51;776;48;26;12;550;0;2;23;27;
SC;420435;CORDILHEIRA ALTA;4;10;0;22;2;0;2;36;0;0;0;0;
SC;421330;PONTE ALTA;0;5;4;7;0;0;0;64;0;0;0;5;
SC;421725;SÃO PEDRO DE ALCÂNTARA;5;12;0;11;5;1;0;23;0;0;0;0;
SC;421545;SANGÃO;12;6;0;16;2;0;0;18;0;0;0;0;
SC;420130;ARAQUARI;13;137;20;381;124;29;9;221;0;2;104;131;
SC;421640;SÃO JOÃO DO SUL;2;4;5;9;6;10;2;125;0;0;0;0;
SC;421350;PORTO BELO;6;88;7;179;40;4;1;108;0;0;21;10;
SC;421175;OTACÍLIO COSTA;18;122;23;328;11;20;7;273;0;0;6;4;
SC;420120;ANTÔNIO CARLOS;9;20;2;72;9;6;4;124;0;0;0;15;
SC;420460;CRICIÚMA;409;1.381;293;3.235;510;144;55;3.344;0;42;400;838;
SC;420240;BLUMENAU;108;287;48;676;139;51;33;515;1;6;55;73;
SC;420970;LEBON RÉGIS;2;21;2;71;20;4;2;13;0;0;0;10;
SC;421920;VIDAL RAMOS;4;2;2;14;0;2;0;22;0;0;0;0;
SC;420750;INDAIAL;88;248;38;912;108;70;10;930;0;0;2;38;
SC;421800;TIJUCAS;34;120;14;483;14;2;6;189;0;0;8;0;
SC;421569;SANTIAGO DO SUL;0;2;0;0;16;1;0;54;0;0;0;2;
SC;421170;ORLEANS;30;155;10;307;20;37;4;168;0;0;0;1;
SC;421110;MONTE CASTELO;14;0;1;14;0;0;0;14;0;0;0;57;
SC;420540;FLORIANÓPOLIS;765;1.988;179;5.108;261;239;31;3.749;3;125;95;14;
SC;421003;LUZERNA;16;52;7;263;8;14;2;344;0;0;38;38;
SC;421715;SÃO MIGUEL DA BOA VISTA;19;38;3;148;7;2;4;45;0;0;0;66;
SC;420165;ARVOREDO;25;21;25;160;103;26;17;218;0;0;3;0;
SC;420320;CAMBORIÚ;45;327;51;1.068;86;47;20;546;0;2;41;91;
SC;421565;SANTA ROSA DO SUL;19;83;3;431;0;0;2;602;0;0;9;12;
SC;421100;MONDAÍ;4;56;2;391;0;0;3;92;0;0;1;6;
SC;420860;JABORÁ;15;10;6;49;0;0;0;99;0;0;5;5;
SC;420770;IPUMIRIM;12;62;10;306;61;15;0;172;0;1;30;49;
SC;420690;IBIRAMA;6;178;6;344;32;10;4;164;0;0;32;34;
SC;421850;TREZE TÍLIAS;8;12;0;20;1;3;0;122;0;0;2;0;
SC;421200;PALMA SOLA;4;34;2;238;28;12;12;340;0;0;38;134;
SC;421315;PLANALTO ALEGRE;0;11;6;97;35;2;2;114;0;0;37;55;
SC;420243;BOCAINA DO SUL;3;7;3;22;1;2;0;8;0;0;1;3;
SC;420650;GUARAMIRIM;0;26;2;76;0;8;2;12;0;0;0;0;
SC;421830;TRÊS BARRAS;65;270;63;701;78;40;3;507;0;2;6;1;
SC;420090;ANGELINA;5;27;36;157;9;4;2;229;0;0;17;66;
SC;421760;SIDERÓPOLIS;48;100;3;340;149;54;7;329;0;0;15;30;
SC;421415;PRINCESA;4;29;7;83;6;0;2;109;3;0;7;10;
SC;420425;COCAL DO SUL;76;230;28;510;168;64;6;616;0;0;24;14;
SC;421500;RIO NEGRINHO;35;271;18;467;14;2;3;533;0;0;0;153;
SC;420230;BIGUAÇU;11;15;2;6;15;0;4;49;0;8;0;0;
SC;421870;TUBARÃO;168;618;91;1.392;220;71;20;2.899;1;0;186;212;
SC;421010;MAFRA;31;390;43;804;8;10;10;508;0;0;0;0;
SC;420490;DESCANSO;14;187;32;403;20;8;7;227;0;0;77;88;
SC;421310;PIRATUBA;24;20;4;34;2;16;4;414;0;0;6;8;
SC;420520;ERVAL VELHO;13;11;0;24;10;2;3;103;0;0;0;0;
SC;420600;GOVERNADOR CELSO RAMOS;46;24;4;26;8;0;0;60;0;0;4;62;
SC;420040;ÁGUA DOCE;16;3;5;42;2;0;2;48;0;2;0;0;
SC;420180;ATALANTA;7;15;0;90;3;0;0;53;0;0;0;0;
SC;420257;BOM JESUS DO OESTE;0;0;0;4;2;4;0;178;0;0;0;0;
SC;421205;PALMEIRA;6;12;1;69;7;1;2;88;0;0;3;0;
SC;421005;MACIEIRA;0;4;1;11;9;4;0;34;0;0;3;0;
SC;420900;JOAÇABA;27;101;26;267;19;11;4;157;0;1;1;3;
SC;421270;PETROLÂNDIA;4;84;7;403;8;10;2;711;0;0;10;26;
SC;420110;ANITÁPOLIS;8;5;6;21;0;6;0;219;0;0;1;0;
SC;421630;SÃO JOÃO BATISTA;54;157;20;542;108;51;14;623;0;0;20;45;
SC;420213;BELA VISTA DO TOLDO;0;23;1;96;19;0;1;159;0;0;2;21;
SC;421210;PALMITOS;86;96;8;225;28;31;2;104;2;0;10;11;
SC;421120;MORRO DA FUMAÇA;59;159;32;394;130;71;10;595;0;4;26;124;
SC;421780;TAIÓ;40;122;7;319;61;0;3;910;2;0;49;485;
SC;420280;BRAÇO DO NORTE;5;26;7;58;4;5;2;240;0;0;1;0;
SC;420910;JOINVILLE;289;2.272;106;3.860;414;196;45;2.424;0;12;52;155;
SC;420450;CORUPÁ;18;174;8;419;25;8;4;199;0;0;0;0;
SC;420287;BRUNÓPOLIS;3;11;0;32;9;5;4;117;0;0;1;53;
SC;420980;LEOBERTO LEAL;5;0;2;37;0;0;0;5;0;0;0;1;
SC;421400;PRESIDENTE GETÚLIO;19;148;2;620;60;16;6;536;0;2;10;2;
SC;420253;BOM JESUS;0;4;2;23;0;2;0;351;0;0;0;21;
SC;421507;RIQUEZA;3;6;9;37;2;2;0;32;0;0;0;0;
SC;420890;JARAGUÁ DO SUL;57;783;35;2.026;164;229;28;595;2;3;2;25;
SC;420830;ITAPEMA;28;115;6;260;21;17;2;168;2;3;2;2;
SC;420395;CAPIVARI DE BAIXO;56;88;8;219;5;56;0;404;0;0;2;13;
SC;421105;MONTE CARLO;0;22;7;150;5;7;0;23;0;0;3;2;
SC;421795;TIGRINHOS;2;11;3;39;4;0;3;42;0;0;10;0;
SC;420475;CUNHATAÍ;6;1;3;23;7;1;0;10;0;4;22;12;
SC;420850;ITUPORANGA;59;83;32;494;48;10;2;479;0;0;26;13;
SC;420880;JAGUARUNA;26;47;8;182;13;32;6;303;0;2;3;0;
SC;421430;RANCHO QUEIMADO;4;20;5;54;12;12;2;58;0;0;27;26;
SC;421240;PEDRAS GRANDES;2;6;1;20;2;5;0;44;0;0;6;9;
SC;421610;SÃO DOMINGOS;6;17;5;160;51;9;5;27;0;0;0;3;
SC;420050;ÁGUAS DE CHAPECÓ;10;12;6;54;12;0;2;30;0;0;0;0;
SC;420610;GRÃO PARÁ;18;7;0;43;3;6;0;196;0;0;5;27;
SC;421930;VIDEIRA;0;64;10;112;35;3;0;36;0;0;0;0;
SC;420420;CHAPECÓ;134;1.037;156;4.316;313;84;32;1.517;8;4;351;2.135;
SC;420700;IÇARA;172;441;26;1.091;20;5;0;1.161;10;3;28;11;
SC;420200;BALNEÁRIO CAMBORIÚ;22;132;12;357;8;50;5;107;1;0;1;1;
SC;421020;MAJOR GERCINO;10;10;0;42;2;0;0;76;2;0;0;0;
SC;421700;SÃO LUDGERO;0;15;2;43;0;8;0;323;0;0;0;1;
SC;420010;ABELARDO LUZ;8;10;4;94;0;0;0;256;0;0;4;10;
SC;420780;IRANI;14;24;40;72;6;20;18;336;0;0;54;50;
SC;420390;CAPINZAL;26;29;3;129;10;4;2;118;0;0;7;17;
SC;420075;ALTO BELA VISTA;1;3;0;47;8;0;1;32;0;0;0;0;
SC;420290;BRUSQUE;151;461;75;1.188;156;70;19;1.177;0;56;481;671;
SC;421290;PINHALZINHO;49;160;21;449;119;36;11;488;4;3;203;359;
SC;420330;CAMPO ALEGRE;13;63;19;318;38;36;10;114;0;0;100;141;
SC;421145;NOVA ITABERABA;6;16;4;94;36;10;2;30;2;0;6;0;
SC;420060;ÁGUAS MORNAS;16;59;3;188;28;0;0;49;0;0;5;0;
SC;421370;POUSO REDONDO;26;72;4;242;38;8;0;318;0;0;0;0;
SC;421970;XAXIM;15;51;11;157;20;5;0;96;0;0;2;0;
SC;421985;ZORTÉA;1;6;5;23;0;3;0;154;0;0;11;10;
SC;420470;CUNHA PORÃ;39;73;42;352;8;8;4;488;0;0;0;0;
SC;421915;VARGEM;7;18;8;92;1;0;1;80;0;0;1;0;
SC;420640;GUARACIABA;3;75;6;380;7;11;5;356;1;0;3;85;
SC;420160;ARROIO TRINTA;1;28;3;63;8;5;1;130;0;0;21;67;
SC;420545;FORQUILHINHA;128;362;54;810;112;8;14;1.554;0;0;222;638;
SC;420720;IMARUÍ;12;149;35;254;32;5;3;229;0;0;3;4;
SC;420410;CAXAMBU DO SUL;9;12;11;43;21;0;0;126;0;0;0;0;
SC;420400;CATANDUVAS;4;22;1;41;0;4;0;13;0;0;0;50;
SC;421360;PORTO UNIÃO;18;44;11;249;44;21;3;107;0;1;0;16;
SC;420220;BENEDITO NOVO;15;128;17;407;16;11;5;177;0;2;11;3;
SC;420790;IRINEÓPOLIS;0;12;0;107;0;0;0;37;0;0;0;0;
SC;421150;NOVA TRENTO;12;56;5;208;27;1;1;268;0;0;0;3;
SC;420730;IMBITUBA;0;740;0;600;0;0;0;0;0;0;0;0;
SC;420208;BANDEIRANTE;0;0;1;0;0;0;0;0;0;0;0;0;
SC;420990;LONTRAS;22;50;6;224;40;2;4;474;0;0;0;0;
SC;421625;SÃO JOÃO DO OESTE;46;95;5;289;59;3;4;320;0;0;34;32;
SC;421223;PARAÍSO;13;20;13;104;6;0;0;82;0;0;0;0;
SC;421230;PAULO LOPES;5;34;9;140;10;6;0;202;0;0;0;0;
SC;421320;POMERODE;31;134;15;497;27;9;2;731;0;0;13;6;
SC;421060;MASSARANDUBA;7;93;5;286;3;69;4;195;0;0;0;0;
SC;420930;LAGES;115;914;151;2.349;211;118;37;1.644;10;0;152;272;
SC;420785;IRATI;3;3;2;5;3;0;0;29;0;0;1;1;
SC;422000;BALNEÁRIO RINCÃO;66;230;34;468;32;6;8;1.006;0;28;22;4;
SC;420245;BOMBINHAS;7;12;2;29;10;9;0;60;0;0;1;1;
SC;420360;CAMPOS NOVOS;10;68;6;185;4;28;2;92;0;0;1;6;
SC;421165;NOVO HORIZONTE;3;4;10;39;23;0;0;111;0;0;5;27;
SC;420209;BARRA BONITA;3;19;4;71;14;5;0;69;0;0;9;3;
SC;421160;NOVA VENEZA;25;54;0;95;5;10;0;55;0;0;12;0;
SC;420760;IPIRA;7;127;16;297;6;43;12;798;0;0;5;13;
SC;420080;ANCHIETA;0;16;12;67;0;0;0;160;2;1;25;46;
SC;420445;CORONEL MARTINS;2;152;0;109;75;20;13;46;0;0;0;0;
SC;421265;PESCARIA BRAVA;8;15;2;30;14;2;0;12;0;0;0;0;
SC;421730;SAUDADES;2;1;0;30;5;4;0;21;6;0;25;21;
SC;421490;RIO FORTUNA;5;10;3;54;9;4;0;127;0;0;14;13;


Fonte: Sistema de Informação em Saúde para a Atenção Básica - SISAB;
E-mail: sisab@saude.gov.br;
Dado gerado em: 14 de Abril de 2022 - 15:59h
Coordenação Geral de Informação da Atenção Primária - CGIAP/DESF
