MS/SAPS/Departamento de Saúde da Família ­ DESF 
Dados sujeitos à alteração 
---Descrição dos Filtros Utilizados---
Competência: MAR/2016.
Estado: SC.
Tipo de Produção: Atendimento Individual.
"Tipo de Atendimento: Cons. agen. prog/cuid. cont., Consulta agendada, Dem. esp. esc. inicial/orient., Dem. esp. consulta no dia, Dem. esp. atendimento urgência."
"Probl/ Condição Avaliada: Asma, Diabetes, DPOC, Hipertensão arterial, Obesidade, Tabagismo, Usuário de álcool, Saúde mental, D.Transmissíveis - Hanseníase, D.Transmissíveis - Tuberculose, Rast. câncer de mama, Rast. câncer do colo do útero."


Uf;Ibge;Municipio;Asma;Diabetes;DPOC;Hipertensão arterial;Obesidade;Tabagismo;Usuário de álcool;Saúde mental;D.Transmissíveis - Hanseníase;D.Transmissíveis - Tuberculose;Rast. câncer de mama;Rast. câncer do colo do útero;
SC;420540;FLORIANÓPOLIS;237;1.262;104;3.183;192;201;60;2.423;2;112;45;11;
SC;421715;SÃO MIGUEL DA BOA VISTA;6;7;2;19;1;4;4;41;0;0;0;114;
SC;421003;LUZERNA;26;46;19;207;20;21;8;340;0;0;87;121;
SC;420165;ARVOREDO;4;15;13;83;46;6;10;65;0;0;3;1;
SC;420320;CAMBORIÚ;22;273;29;720;83;36;22;394;0;6;29;88;
SC;421565;SANTA ROSA DO SUL;6;88;10;362;4;1;2;512;0;0;0;2;
SC;421100;MONDAÍ;1;96;2;427;25;0;3;231;2;0;6;43;
SC;420770;IPUMIRIM;4;41;6;211;38;25;8;113;0;5;21;55;
SC;421850;TREZE TÍLIAS;8;17;0;14;0;0;1;9;0;0;0;0;
SC;420860;JABORÁ;15;13;4;16;0;1;4;125;0;0;11;11;
SC;421315;PLANALTO ALEGRE;5;9;0;171;60;1;3;114;0;0;46;31;
SC;420243;BOCAINA DO SUL;6;5;0;4;3;1;0;16;0;0;2;0;
SC;421830;TRÊS BARRAS;64;235;54;776;96;129;17;549;1;1;4;3;
SC;421760;SIDERÓPOLIS;24;88;12;195;128;47;8;191;0;0;25;34;
SC;420090;ANGELINA;6;22;20;108;4;0;0;140;0;0;16;96;
SC;421415;PRINCESA;0;22;2;46;0;4;0;12;0;0;2;46;
SC;420650;GUARAMIRIM;4;34;4;202;8;0;2;70;0;88;0;0;
SC;420230;BIGUAÇU;11;31;3;26;9;0;4;45;0;2;0;0;
SC;420425;COCAL DO SUL;22;100;12;266;60;44;10;242;0;0;26;42;
SC;421500;RIO NEGRINHO;33;448;29;831;46;0;5;484;0;0;2;4;
SC;421010;MAFRA;34;368;50;856;32;10;22;800;0;2;2;0;
SC;420520;ERVAL VELHO;0;0;0;0;4;15;0;51;0;0;0;0;
SC;421870;TUBARÃO;162;850;98;1.876;257;68;21;2.739;0;5;250;220;
SC;420490;DESCANSO;2;166;18;480;22;10;8;214;0;0;136;132;
SC;421310;PIRATUBA;12;15;6;90;3;0;0;372;0;0;30;6;
SC;420040;ÁGUA DOCE;8;7;1;47;3;0;1;44;0;0;0;0;
SC;421005;MACIEIRA;3;7;2;14;15;0;0;102;0;0;0;2;
SC;420180;ATALANTA;8;88;8;496;56;0;0;160;0;0;0;0;
SC;420600;GOVERNADOR CELSO RAMOS;18;35;4;99;0;0;0;124;0;0;2;60;
SC;421205;PALMEIRA;2;4;0;13;2;0;2;13;0;0;0;0;
SC;420257;BOM JESUS DO OESTE;0;0;0;1;0;0;0;14;0;0;0;0;
SC;421360;PORTO UNIÃO;7;61;12;151;41;1;1;70;0;0;0;2;
SC;421150;NOVA TRENTO;8;62;7;373;15;3;2;418;0;5;1;7;
SC;420220;BENEDITO NOVO;4;68;2;237;4;10;4;68;0;7;2;0;
SC;420790;IRINEÓPOLIS;0;32;0;270;0;0;0;72;2;0;0;0;
SC;420730;IMBITUBA;0;680;0;720;0;0;0;1;0;0;0;0;
SC;420208;BANDEIRANTE;0;0;0;5;0;1;1;0;0;0;0;0;
SC;421625;SÃO JOÃO DO OESTE;30;99;16;608;77;16;6;364;0;0;44;28;
SC;421230;PAULO LOPES;8;53;13;268;20;18;3;441;0;0;0;0;
SC;420990;LONTRAS;2;40;10;209;66;4;4;343;0;0;0;0;
SC;420768;IPUAÇU;4;54;1;158;2;0;2;148;0;0;11;2;
SC;421223;PARAÍSO;5;14;1;55;0;0;4;36;0;0;0;0;
SC;420930;LAGES;105;786;95;2.200;169;177;78;1.686;2;3;108;252;
SC;421320;POMERODE;40;274;22;698;56;2;2;1.041;0;0;30;0;
SC;421060;MASSARANDUBA;4;100;10;380;6;16;6;286;2;0;0;0;
SC;420785;IRATI;0;0;0;1;0;0;0;2;0;0;6;4;
SC;421165;NOVO HORIZONTE;3;3;6;46;12;0;0;110;0;0;8;26;
SC;420209;BARRA BONITA;2;24;7;90;12;7;3;108;0;0;12;11;
SC;422000;BALNEÁRIO RINCÃO;31;212;17;507;73;22;5;777;0;4;85;36;
SC;420360;CAMPOS NOVOS;14;62;14;218;36;24;0;144;0;0;2;6;
SC;421160;NOVA VENEZA;0;45;0;14;0;5;0;6;0;0;0;0;
SC;421055;MAREMA;0;0;0;1;1;0;3;11;0;0;0;0;
SC;420250;BOM JARDIM DA SERRA;0;0;0;0;0;0;0;2;0;0;0;0;
SC;420760;IPIRA;5;50;5;86;8;13;5;590;0;0;0;4;
SC;420080;ANCHIETA;5;27;13;115;5;0;0;111;0;2;84;100;
SC;420445;CORONEL MARTINS;10;85;12;52;10;0;2;64;0;0;0;0;
SC;421265;PESCARIA BRAVA;7;46;0;62;12;10;0;38;0;3;0;0;
SC;421490;RIO FORTUNA;1;0;0;14;1;0;1;70;0;0;9;6;
SC;421730;SAUDADES;2;5;3;19;2;3;1;1;0;0;0;0;
SC;421720;SÃO MIGUEL DO OESTE;29;46;28;109;78;6;5;161;1;2;12;33;
SC;420270;BOTUVERÁ;0;2;0;6;1;0;0;21;0;0;0;0;
SC;421260;PERITIBA;0;0;0;0;0;0;0;1;0;0;0;0;
SC;420127;ARABUTÃ;5;17;5;132;12;5;0;162;0;0;3;1;
SC;421820;TIMBÓ;30;391;34;1.103;19;84;18;1.310;0;2;0;0;
SC;420945;LAJEADO GRANDE;0;0;0;36;0;0;0;42;0;0;0;0;
SC;421917;VARGEM BONITA;8;67;10;249;45;21;7;223;0;0;29;36;
SC;421950;XANXERÊ;48;374;27;989;86;30;28;1.778;0;1;231;180;
SC;420210;BARRA VELHA;28;157;27;546;28;1;0;287;2;0;18;66;
SC;421505;RIO RUFINO;1;0;1;1;0;0;0;10;0;0;0;0;
SC;420125;APIÚNA;26;156;24;398;150;62;22;512;0;2;50;32;
SC;421090;MODELO;8;0;0;12;0;0;0;8;0;0;0;12;
SC;421600;SÃO CARLOS;2;30;2;184;2;4;3;209;0;0;14;19;
SC;421540;SALTO VELOSO;0;17;3;30;2;2;0;105;0;0;0;0;
SC;420100;ANITA GARIBALDI;4;12;6;45;4;4;3;39;0;0;0;0;
SC;421185;OURO VERDE;8;31;3;177;13;9;0;60;0;0;9;6;
SC;420580;GARUVA;0;44;0;65;1;0;0;2;0;0;0;0;
SC;420740;IMBUIA;8;19;15;111;2;3;1;181;0;0;7;5;
SC;420310;CAIBI;4;96;0;820;29;31;4;168;4;0;9;10;
SC;421220;PAPANDUVA;4;75;7;285;4;7;2;89;0;0;15;25;
SC;420005;ABDON BATISTA;0;1;3;10;0;0;1;0;0;0;0;0;
SC;421520;ROMELÂNDIA;0;6;2;26;1;0;0;7;1;0;13;20;
SC;420350;CAMPO ERÊ;0;28;4;148;0;0;0;124;0;0;4;0;
SC;420519;ERMO;0;0;0;0;0;0;0;1;0;0;0;0;
SC;421000;LUIZ ALVES;4;25;2;85;24;5;1;84;0;0;0;11;
SC;420340;CAMPO BELO DO SUL;2;28;3;71;3;0;1;61;0;0;4;0;
SC;420419;CHAPADÃO DO LAGEADO;0;0;0;0;1;1;0;44;0;0;0;0;
SC;421835;TREVISO;8;46;6;188;24;0;0;288;0;0;4;10;
SC;420765;IPORÃ DO OESTE;16;32;22;206;2;2;2;372;2;2;12;4;
SC;420915;JOSÉ BOITEUX;3;22;0;127;3;0;3;220;0;0;0;3;
SC;420950;LAURENTINO;20;105;48;195;172;4;4;1.081;0;0;3;0;
SC;420670;HERVAL D'OESTE;8;90;13;269;10;0;3;95;0;2;2;3;
SC;420555;FREI ROGÉRIO;2;33;6;65;61;7;9;97;0;1;0;0;
SC;421125;MORRO GRANDE;1;1;1;3;0;1;0;0;0;0;0;0;
SC;421635;SÃO JOÃO DO ITAPERIÚ;1;43;3;117;4;6;1;108;0;5;19;25;
SC;421050;MARAVILHA;7;47;17;164;39;9;5;112;3;0;24;43;
SC;420960;LAURO MULLER;0;36;7;91;7;6;0;87;0;0;57;64;
SC;420150;ARMAZÉM;12;17;0;18;0;2;0;26;0;0;7;0;
SC;420285;BRAÇO DO TROMBUDO;12;94;8;654;96;12;0;72;0;0;2;0;
SC;420775;IRACEMINHA;4;0;4;5;2;0;5;47;0;0;0;0;
SC;421825;TIMBÓ GRANDE;1;37;4;99;11;1;0;64;0;0;0;16;
SC;421070;MATOS COSTA;7;27;0;42;1;11;0;49;0;0;0;5;
SC;420710;ILHOTA;17;81;6;178;53;9;0;202;0;3;3;2;
SC;421650;SÃO JOAQUIM;11;100;29;371;52;21;5;150;1;0;6;19;
SC;420215;BELMONTE;0;17;4;77;0;0;2;0;0;0;1;0;
SC;421690;SÃO LOURENÇO DO OESTE;25;142;12;594;28;36;7;94;0;3;17;13;
SC;421560;SANTA ROSA DE LIMA;3;5;2;15;26;0;2;103;0;0;0;2;
SC;421575;SÃO BERNARDINO;4;29;0;70;28;0;0;14;0;0;0;0;
SC;421880;TURVO;2;2;1;16;0;0;0;2;0;0;0;6;
SC;420590;GASPAR;21;376;23;1.061;165;110;14;574;0;1;44;48;
SC;420820;ITAJAÍ;50;722;81;1.670;331;96;31;1.026;0;14;394;551;
SC;421470;RIO DOS CEDROS;3;69;6;199;12;7;1;79;0;0;98;161;
SC;420455;CORREIA PINTO;8;68;26;210;125;27;5;236;0;1;39;77;
SC;420370;CANELINHA;8;30;40;102;3;1;0;75;0;0;16;15;
SC;421740;SCHROEDER;12;76;12;236;4;6;0;132;0;0;8;0;
SC;421550;SANTA CECÍLIA;4;42;7;122;14;1;6;149;0;1;0;4;
SC;420630;GUABIRUBA;34;290;50;797;234;88;14;335;0;0;6;2;
SC;421555;SANTA HELENA;3;24;5;94;50;6;0;144;0;0;5;16;
SC;421885;UNIÃO DO OESTE;3;7;6;49;6;0;2;123;0;0;0;7;
SC;420620;GRAVATAL;0;2;0;36;0;0;0;24;0;0;0;0;
SC;420500;DIONÍSIO CERQUEIRA;5;85;11;320;42;29;4;134;4;1;32;31;
SC;420940;LAGUNA;42;201;9;353;28;16;11;244;0;0;165;114;
SC;420020;AGROLÂNDIA;24;62;12;215;14;36;10;307;0;0;7;8;
SC;420510;DONA EMMA;4;26;8;80;48;28;0;24;0;0;0;0;
SC;421568;SANTA TEREZINHA DO PROGRESSO;0;2;2;12;0;0;0;4;0;0;0;2;
SC;420300;CAÇADOR;28;352;54;1.212;120;52;6;540;0;2;102;147;
SC;421480;RIO DO SUL;7;110;20;343;74;14;7;777;0;0;99;98;
SC;420810;ITAIÓPOLIS;30;281;61;734;476;21;16;704;0;0;95;175;
SC;420315;CALMON;3;35;4;116;23;4;0;22;0;0;18;3;
SC;420517;ENTRE RIOS;0;2;0;0;0;0;0;0;0;0;0;36;
SC;421670;SÃO JOSÉ DO CEDRO;1;21;4;57;4;3;1;59;0;3;9;94;
SC;421535;SALTINHO;2;29;0;190;64;15;0;7;0;0;0;1;
SC;421875;TUNÁPOLIS;3;9;2;68;0;0;0;44;1;0;2;0;
SC;421620;SÃO FRANCISCO DO SUL;10;44;0;112;0;0;0;48;0;0;0;0;
SC;421940;WITMARSUM;6;26;4;65;9;8;0;87;0;2;1;0;
SC;421860;TROMBUDO CENTRAL;4;49;20;160;26;5;1;74;1;0;0;0;
SC;421410;PRESIDENTE NEREU;0;12;2;10;18;0;0;58;0;0;24;38;
SC;420260;BOM RETIRO;2;44;6;95;11;0;2;57;0;1;0;0;
SC;420660;GUARUJÁ DO SUL;6;5;1;42;22;1;0;10;0;0;18;23;
SC;420870;JACINTO MACHADO;3;1;0;13;0;0;0;17;0;0;0;0;
SC;421280;BALNEÁRIO PIÇARRAS;0;3;0;10;0;0;0;159;0;0;0;0;
SC;420550;FRAIBURGO;52;325;63;664;86;25;15;663;2;2;56;216;
SC;421660;SÃO JOSÉ;20;191;13;259;30;16;10;361;0;3;4;10;
SC;421580;SÃO BENTO DO SUL;30;680;18;1.238;28;0;20;428;0;8;0;0;
SC;421770;SOMBRIO;8;35;2;92;7;4;1;178;0;0;3;25;
SC;420665;GUATAMBÚ;0;0;0;0;0;0;2;23;0;0;0;9;
SC;420985;LINDÓIA DO SUL;0;0;0;7;54;0;0;213;0;0;0;0;
SC;420325;CAPÃO ALTO;11;10;2;26;0;0;0;1;0;0;0;0;
SC;421755;SERRA ALTA;3;9;1;16;0;0;1;48;0;0;2;3;
SC;421530;SALETE;14;132;38;352;50;10;6;215;0;8;2;20;
SC;421750;SEARA;0;3;0;2;6;0;0;16;0;0;0;0;
SC;421130;NAVEGANTES;4;55;7;65;1;2;1;20;0;5;0;0;
SC;421080;MELEIRO;0;0;0;0;2;0;0;0;0;0;0;0;
SC;421935;VITOR MEIRELES;8;66;48;362;74;54;8;488;2;0;18;0;
SC;421460;RIO DO OESTE;16;308;28;1.340;208;12;4;526;0;0;0;0;
SC;421510;RODEIO;5;84;7;273;19;16;9;166;0;5;2;0;
SC;421450;RIO DO CAMPO;5;31;3;99;0;1;0;101;0;0;0;0;
SC;421890;URUBICI;2;29;1;66;11;1;2;48;0;0;3;3;
SC;421680;SÃO JOSÉ DO CERRITO;5;15;5;22;1;10;1;57;0;0;1;0;
SC;420417;CERRO NEGRO;0;0;0;0;0;0;0;38;0;0;0;0;
SC;420840;ITAPIRANGA;0;0;0;0;0;0;0;1;0;0;0;0;
SC;420530;FAXINAL DOS GUEDES;1;0;0;6;0;0;0;0;0;0;0;0;
SC;420845;ITAPOÁ;0;130;7;134;13;1;3;90;0;4;0;0;
SC;421570;SANTO AMARO DA IMPERATRIZ;3;21;3;15;4;2;4;15;0;0;0;1;
SC;420205;BALNEÁRIO BARRA DO SUL;4;94;1;240;17;0;1;146;0;0;0;0;
SC;420170;ASCURRA;2;91;16;256;77;38;8;62;0;26;2;0;
SC;421190;PALHOÇA;32;156;12;467;22;24;7;578;0;5;206;221;
SC;420140;ARARANGUÁ;63;440;37;1.399;159;58;18;1.658;0;0;181;341;
SC;420207;BALNEÁRIO GAIVOTA;3;34;1;54;35;15;2;21;0;1;18;14;
SC;420430;CONCÓRDIA;23;217;25;1.078;136;28;16;515;0;0;305;405;
SC;420070;ALFREDO WAGNER;29;116;9;348;29;18;3;471;0;0;0;0;
SC;420535;FLOR DO SERTÃO;0;13;9;15;9;4;2;34;2;0;11;11;
SC;421187;PAIAL;13;16;0;9;0;1;5;55;0;0;0;0;
SC;421335;PONTE ALTA DO NORTE;0;0;0;1;0;0;0;7;0;0;0;0;
SC;421340;PONTE SERRADA;0;0;0;12;0;0;0;13;0;0;0;0;
SC;420380;CANOINHAS;33;262;79;942;57;33;11;558;0;0;21;23;
SC;421330;PONTE ALTA;0;14;0;24;0;2;4;82;0;0;6;0;
SC;421725;SÃO PEDRO DE ALCÂNTARA;1;7;0;15;7;0;0;15;0;0;0;0;
SC;421900;URUSSANGA;6;162;12;225;27;39;9;195;0;0;21;15;
SC;420435;CORDILHEIRA ALTA;0;0;0;0;0;0;8;128;0;0;0;0;
SC;421545;SANGÃO;12;10;0;12;0;0;2;26;0;2;0;0;
SC;421175;OTACÍLIO COSTA;18;125;26;337;8;19;10;305;0;0;9;9;
SC;420130;ARAQUARI;15;150;24;368;95;30;3;136;0;11;55;107;
SC;421350;PORTO BELO;1;45;0;77;18;1;0;81;0;3;14;13;
SC;420120;ANTÔNIO CARLOS;6;59;1;120;16;6;2;148;0;0;0;20;
SC;421640;SÃO JOÃO DO SUL;0;1;0;2;0;1;0;2;0;0;0;0;
SC;420460;CRICIÚMA;251;1.564;170;4.350;692;232;110;4.225;0;24;839;1.443;
SC;420240;BLUMENAU;47;231;66;576;99;37;26;376;0;2;97;110;
SC;420970;LEBON RÉGIS;3;69;5;200;50;29;6;82;0;1;5;17;
SC;421920;VIDAL RAMOS;10;32;6;106;10;4;0;92;0;0;4;2;
SC;421170;ORLEANS;24;87;33;120;77;15;6;202;0;3;2;2;
SC;420750;INDAIAL;105;420;51;1.773;195;297;12;1.451;0;12;6;82;
SC;421110;MONTE CASTELO;9;6;0;16;0;0;0;13;1;0;2;17;
SC;421569;SANTIAGO DO SUL;0;0;1;1;0;0;0;65;0;0;2;4;
SC;421800;TIJUCAS;10;118;22;524;18;0;0;252;0;2;4;6;
SC;421270;PETROLÂNDIA;2;88;9;346;10;6;2;698;0;2;4;14;
SC;420900;JOAÇABA;7;61;18;219;16;0;5;137;0;0;1;4;
SC;420110;ANITÁPOLIS;4;2;1;17;0;54;0;216;0;0;0;0;
SC;421440;RIO DAS ANTAS;0;0;0;0;5;3;0;68;0;0;0;0;
SC;421210;PALMITOS;23;84;9;255;6;64;2;162;5;0;33;50;
SC;421630;SÃO JOÃO BATISTA;15;193;18;552;119;35;20;531;0;1;12;26;
SC;420213;BELA VISTA DO TOLDO;1;3;1;18;26;0;0;0;0;0;3;6;
SC;421780;TAIÓ;7;105;21;240;77;7;0;441;0;14;21;259;
SC;421120;MORRO DA FUMAÇA;8;61;2;59;9;2;2;244;0;5;5;166;
SC;420280;BRAÇO DO NORTE;18;52;6;132;16;8;2;481;1;0;5;2;
SC;420450;CORUPÁ;22;260;6;714;44;28;6;356;2;0;0;0;
SC;420910;JOINVILLE;192;2.033;132;3.789;495;223;115;2.381;1;10;41;136;
SC;420980;LEOBERTO LEAL;6;1;5;23;0;0;1;14;0;0;1;0;
SC;420287;BRUNÓPOLIS;1;6;1;21;2;32;10;110;0;0;0;30;
SC;420253;BOM JESUS;0;12;0;98;6;0;3;368;0;0;0;0;
SC;421400;PRESIDENTE GETÚLIO;0;50;2;150;32;40;6;62;0;4;10;0;
SC;420395;CAPIVARI DE BAIXO;16;57;4;64;11;21;0;125;0;0;6;6;
SC;420890;JARAGUÁ DO SUL;56;950;54;2.232;302;138;32;582;2;2;2;56;
SC;420475;CUNHATAÍ;1;1;1;11;18;1;0;2;0;0;18;18;
SC;421105;MONTE CARLO;1;22;0;52;2;6;0;50;0;0;6;8;
SC;420830;ITAPEMA;7;39;4;174;15;3;2;113;0;0;0;0;
SC;421795;TIGRINHOS;1;14;6;45;3;2;1;30;0;0;2;0;
SC;420880;JAGUARUNA;0;160;0;269;72;8;8;688;0;0;32;0;
SC;421430;RANCHO QUEIMADO;4;24;4;93;15;15;0;75;0;1;42;40;
SC;420850;ITUPORANGA;20;75;17;513;23;19;9;386;0;0;8;2;
SC;421240;PEDRAS GRANDES;0;2;0;10;0;1;0;37;0;0;7;8;
SC;421930;VIDEIRA;0;56;11;108;42;1;3;32;0;0;0;0;
SC;420610;GRÃO PARÁ;1;16;0;42;0;9;4;198;0;0;2;13;
SC;421610;SÃO DOMINGOS;0;5;5;37;23;2;2;12;0;0;0;0;
SC;420050;ÁGUAS DE CHAPECÓ;9;8;4;32;3;0;0;48;0;0;0;0;
SC;420420;CHAPECÓ;80;815;86;3.272;246;65;11;893;1;4;748;2.377;
SC;421700;SÃO LUDGERO;1;20;1;54;7;0;0;451;0;0;0;0;
SC;420780;IRANI;4;31;17;98;37;46;13;129;0;0;13;23;
SC;420075;ALTO BELA VISTA;2;9;3;43;20;7;0;55;0;0;2;0;
SC;420700;IÇARA;109;533;23;803;26;4;7;1.225;4;2;83;33;
SC;420010;ABELARDO LUZ;4;12;8;342;0;2;2;172;2;0;8;20;
SC;420200;BALNEÁRIO CAMBORIÚ;6;146;8;261;14;6;0;110;0;0;0;0;
SC;421020;MAJOR GERCINO;5;9;0;28;0;8;0;79;0;0;0;0;
SC;420390;CAPINZAL;0;4;0;0;0;0;0;0;0;0;0;0;
SC;420290;BRUSQUE;82;528;48;1.178;189;105;15;1.300;0;26;298;476;
SC;421290;PINHALZINHO;37;149;25;612;130;9;14;655;5;0;125;165;
SC;420330;CAMPO ALEGRE;6;69;10;326;34;35;6;82;1;1;80;79;
SC;421370;POUSO REDONDO;20;176;15;519;70;60;15;382;0;0;0;0;
SC;421985;ZORTÉA;0;24;7;56;5;2;0;180;0;0;34;40;
SC;421970;XAXIM;4;54;4;175;42;8;0;163;0;3;2;4;
SC;420060;ÁGUAS MORNAS;16;67;4;84;37;2;7;234;0;0;2;0;
SC;420640;GUARACIABA;0;9;0;106;2;3;0;120;0;0;4;39;
SC;421915;VARGEM;4;26;7;102;1;0;2;91;0;0;0;0;
SC;420470;CUNHA PORÃ;26;39;13;310;10;3;2;565;0;0;0;0;
SC;421030;MAJOR VIEIRA;3;1;0;2;0;0;0;52;0;0;0;0;
SC;420720;IMARUÍ;15;209;19;563;74;23;9;351;0;0;7;12;
SC;420160;ARROIO TRINTA;1;45;5;51;20;3;11;116;0;1;3;0;
SC;420545;FORQUILHINHA;42;192;10;346;14;4;8;596;0;2;2;56;
SC;420410;CAXAMBU DO SUL;1;5;2;12;4;0;0;141;0;0;0;0;
SC;421895;URUPEMA;1;6;1;0;1;0;0;26;0;0;0;0;
SC;420400;CATANDUVAS;2;10;0;24;1;3;0;47;0;0;0;0;


Fonte: Sistema de Informação em Saúde para a Atenção Básica - SISAB;
E-mail: sisab@saude.gov.br;
Dado gerado em: 14 de Abril de 2022 - 15:58h
Coordenação Geral de Informação da Atenção Primária - CGIAP/DESF
