MS/SAPS/Departamento de Saúde da Família ­ DESF 
Dados sujeitos à alteração 
---Descrição dos Filtros Utilizados---
Competência: MAI/2018.
Estado: SC.
Tipo de Produção: Atendimento Individual.
"Tipo de Atendimento: Cons. agen. prog/cuid. cont., Consulta agendada, Dem. esp. esc. inicial/orient., Dem. esp. consulta no dia, Dem. esp. atendimento urgência."
"Probl/ Condição Avaliada: Asma, Diabetes, DPOC, Hipertensão arterial, Obesidade, Tabagismo, Usuário de álcool, Saúde mental, D.Transmissíveis - Hanseníase, D.Transmissíveis - Tuberculose, Rast. câncer de mama, Rast. câncer do colo do útero."


Uf;Ibge;Municipio;Asma;Diabetes;DPOC;Hipertensão arterial;Obesidade;Tabagismo;Usuário de álcool;Saúde mental;D.Transmissíveis - Hanseníase;D.Transmissíveis - Tuberculose;Rast. câncer de mama;Rast. câncer do colo do útero;
SC;421720;SÃO MIGUEL DO OESTE;20;73;17;220;94;12;3;409;0;0;3;5;
SC;421260;PERITIBA;22;17;9;42;23;11;6;113;0;0;1;0;
SC;420270;BOTUVERÁ;3;23;8;41;13;0;0;41;0;0;0;25;
SC;421820;TIMBÓ;46;200;38;491;61;37;2;814;0;0;9;29;
SC;420543;FORMOSA DO SUL;0;42;3;237;2;4;1;103;0;0;0;6;
SC;420945;LAJEADO GRANDE;3;14;0;55;33;0;0;77;0;0;0;0;
SC;420127;ARABUTÃ;3;16;2;44;18;0;2;37;0;0;0;2;
SC;421590;SÃO BONIFÁCIO;10;4;4;5;0;0;0;49;0;0;0;0;
SC;420210;BARRA VELHA;22;174;10;357;57;38;3;221;0;1;9;28;
SC;421950;XANXERÊ;38;296;32;804;301;54;20;2.034;0;2;18;40;
SC;421917;VARGEM BONITA;1;22;2;103;12;8;0;168;0;0;7;7;
SC;421090;MODELO;17;16;2;60;11;0;0;161;0;0;3;13;
SC;421505;RIO RUFINO;0;2;1;6;1;1;0;4;0;0;0;0;
SC;420125;APIÚNA;15;50;0;92;57;16;6;119;0;0;3;7;
SC;421600;SÃO CARLOS;7;48;7;176;11;3;2;131;0;0;3;21;
SC;421540;SALTO VELOSO;16;24;3;41;4;0;3;74;0;0;0;0;
SC;421420;QUILOMBO;46;146;15;510;106;40;14;486;0;1;295;413;
SC;420100;ANITA GARIBALDI;9;8;1;23;0;1;4;74;0;0;0;0;
SC;420580;GARUVA;1;25;1;46;13;5;1;18;0;0;0;16;
SC;421185;OURO VERDE;3;8;5;50;0;4;3;60;0;0;7;13;
SC;421220;PAPANDUVA;15;89;10;359;17;9;4;156;0;0;0;1;
SC;420350;CAMPO ERÊ;20;67;8;180;50;27;3;341;0;1;5;40;
SC;421520;ROMELÂNDIA;2;9;7;15;1;0;1;13;0;0;1;0;
SC;420310;CAIBI;11;52;7;137;2;11;8;218;0;1;0;1;
SC;420740;IMBUIA;3;15;2;63;3;2;0;117;0;0;0;0;
SC;420519;ERMO;0;0;0;1;1;6;5;72;0;0;2;2;
SC;420005;ABDON BATISTA;5;2;8;16;0;0;1;26;0;0;0;0;
SC;421000;LUIZ ALVES;7;50;7;144;134;2;2;152;0;6;1;96;
SC;420340;CAMPO BELO DO SUL;4;27;6;33;2;2;5;22;0;0;0;2;
SC;420419;CHAPADÃO DO LAGEADO;0;0;0;0;0;0;0;59;0;0;0;0;
SC;421835;TREVISO;5;13;8;81;47;4;4;177;0;0;3;13;
SC;421300;PINHEIRO PRETO;3;44;4;102;38;11;2;213;0;0;1;1;
SC;421180;OURO;3;17;9;65;22;0;0;77;0;0;1;1;
SC;420765;IPORÃ DO OESTE;10;21;2;93;4;1;2;129;0;0;0;5;
SC;420950;LAURENTINO;10;45;23;113;7;9;8;427;0;0;0;0;
SC;420670;HERVAL D'OESTE;20;70;18;177;6;2;5;100;0;8;0;1;
SC;421125;MORRO GRANDE;0;10;0;44;0;4;0;214;0;0;11;0;
SC;420555;FREI ROGÉRIO;3;1;1;15;1;1;1;41;0;0;0;15;
SC;420915;JOSÉ BOITEUX;1;7;0;9;10;0;0;2;0;0;0;0;
SC;421227;PASSOS MAIA;0;34;5;162;32;3;8;305;0;0;1;3;
SC;421635;SÃO JOÃO DO ITAPERIÚ;1;29;5;75;4;0;0;101;0;0;3;5;
SC;420150;ARMAZÉM;1;5;0;8;0;0;0;5;0;0;0;0;
SC;421050;MARAVILHA;58;95;56;443;75;22;4;215;0;0;15;2;
SC;420960;LAURO MULLER;29;172;27;191;12;35;1;215;0;42;191;421;
SC;420775;IRACEMINHA;8;14;4;7;3;6;4;147;0;0;0;8;
SC;420285;BRAÇO DO TROMBUDO;0;31;5;93;44;14;0;150;0;0;0;0;
SC;421070;MATOS COSTA;5;21;6;25;2;8;1;19;0;0;1;3;
SC;421825;TIMBÓ GRANDE;0;0;0;0;0;0;0;9;0;0;0;0;
SC;420710;ILHOTA;3;9;0;28;20;0;1;265;0;0;0;0;
SC;421650;SÃO JOAQUIM;12;41;3;112;3;3;4;108;0;0;0;3;
SC;421690;SÃO LOURENÇO DO OESTE;15;94;16;317;62;28;5;756;1;0;6;33;
SC;420515;DOUTOR PEDRINHO;10;68;6;188;44;26;0;596;0;0;0;0;
SC;420215;BELMONTE;1;10;6;22;0;0;0;18;0;0;0;45;
SC;421575;SÃO BERNARDINO;0;7;0;23;3;0;0;11;0;0;0;0;
SC;421880;TURVO;3;42;8;92;12;42;6;90;0;0;0;0;
SC;421560;SANTA ROSA DE LIMA;0;11;0;20;2;2;0;15;0;0;0;0;
SC;420820;ITAJAÍ;143;1.119;119;2.366;670;230;63;2.134;1;24;108;142;
SC;421740;SCHROEDER;73;50;31;149;84;36;2;282;0;0;7;16;
SC;420590;GASPAR;31;159;8;416;100;33;4;250;0;3;0;5;
SC;421550;SANTA CECÍLIA;11;46;2;141;2;0;3;111;0;0;4;14;
SC;420455;CORREIA PINTO;10;43;7;111;16;3;2;109;0;0;0;1;
SC;421470;RIO DOS CEDROS;5;28;5;98;28;7;1;44;0;0;8;8;
SC;421140;NOVA ERECHIM;6;23;2;70;5;4;0;43;0;0;11;0;
SC;420370;CANELINHA;6;38;17;72;6;4;0;24;0;0;1;0;
SC;420630;GUABIRUBA;23;153;12;443;109;17;7;396;0;2;8;10;
SC;420195;BALNEÁRIO ARROIO DO SILVA;16;134;17;273;69;47;8;325;0;0;6;10;
SC;420620;GRAVATAL;41;27;34;28;1;1;2;210;0;0;2;0;
SC;421555;SANTA HELENA;2;0;1;35;0;0;4;87;0;0;0;0;
SC;421885;UNIÃO DO OESTE;2;10;1;42;2;2;1;73;0;0;0;0;
SC;421568;SANTA TEREZINHA DO PROGRESSO;7;29;6;42;4;11;10;41;0;0;6;1;
SC;420500;DIONÍSIO CERQUEIRA;5;30;6;69;54;23;3;111;0;0;1;1;
SC;420940;LAGUNA;49;128;24;175;149;16;8;301;0;1;1;7;
SC;420020;AGROLÂNDIA;7;18;3;143;2;0;1;140;0;0;0;0;
SC;420510;DONA EMMA;2;6;2;12;0;0;0;7;0;0;1;1;
SC;421480;RIO DO SUL;12;88;7;103;12;12;2;80;0;0;0;232;
SC;420810;ITAIÓPOLIS;34;94;25;402;56;13;3;400;0;3;2;0;
SC;420315;CALMON;9;7;3;58;11;3;2;74;0;0;0;0;
SC;420300;CAÇADOR;39;248;49;777;37;9;3;473;2;0;51;70;
SC;420517;ENTRE RIOS;6;13;3;14;4;0;0;21;0;0;0;4;
SC;421535;SALTINHO;3;18;6;51;34;11;1;46;0;0;0;0;
SC;421875;TUNÁPOLIS;4;24;4;105;11;0;6;69;0;0;0;9;
SC;421670;SÃO JOSÉ DO CEDRO;0;17;1;116;22;1;2;71;0;0;0;5;
SC;421620;SÃO FRANCISCO DO SUL;6;163;5;460;11;5;1;395;0;0;4;21;
SC;420895;JARDINÓPOLIS;0;1;1;6;1;0;1;40;0;0;0;0;
SC;420870;JACINTO MACHADO;4;40;2;46;10;20;0;57;0;0;0;0;
SC;420260;BOM RETIRO;16;104;10;230;11;1;1;119;0;0;0;0;
SC;421605;SÃO CRISTOVÃO DO SUL;3;41;4;93;13;0;0;65;0;0;0;0;
SC;421940;WITMARSUM;0;33;4;38;26;0;3;402;0;0;1;0;
SC;421860;TROMBUDO CENTRAL;8;34;7;105;22;3;3;77;0;0;0;3;
SC;421410;PRESIDENTE NEREU;2;26;3;75;7;3;0;258;0;0;0;0;
SC;420660;GUARUJÁ DO SUL;5;7;1;46;0;0;0;15;0;0;9;0;
SC;420550;FRAIBURGO;58;345;44;621;267;61;19;908;1;0;11;24;
SC;421660;SÃO JOSÉ;210;935;77;1.678;226;136;31;1.559;2;2;12;105;
SC;421580;SÃO BENTO DO SUL;70;618;64;1.408;224;39;20;442;0;1;32;38;
SC;421280;BALNEÁRIO PIÇARRAS;21;102;18;400;24;19;8;237;0;3;4;16;
SC;421770;SOMBRIO;45;166;28;492;47;32;7;822;0;0;0;34;
SC;421250;PENHA;21;99;12;225;24;16;0;332;0;1;3;6;
SC;420560;GALVÃO;8;5;0;23;49;3;6;145;0;0;0;2;
SC;420325;CAPÃO ALTO;12;26;0;43;1;1;1;20;0;0;0;0;
SC;421380;PRAIA GRANDE;8;10;3;24;1;1;0;234;0;0;3;6;
SC;420665;GUATAMBÚ;3;8;2;4;0;0;1;73;0;0;1;0;
SC;421755;SERRA ALTA;2;0;4;6;0;0;0;13;0;0;0;0;
SC;421750;SEARA;0;1;0;2;19;0;0;73;0;0;0;0;
SC;421130;NAVEGANTES;55;287;28;702;22;3;2;804;3;3;7;80;
SC;421530;SALETE;4;133;18;344;275;155;20;300;0;2;18;44;
SC;421080;MELEIRO;34;41;9;144;46;2;1;159;0;1;2;3;
SC;421935;VITOR MEIRELES;1;7;10;52;7;3;0;90;0;0;0;0;
SC;421510;RODEIO;10;35;6;160;9;1;1;95;0;0;3;30;
SC;421450;RIO DO CAMPO;10;31;4;72;1;0;1;133;0;0;1;0;
SC;421460;RIO DO OESTE;7;50;5;158;30;3;3;79;0;0;0;16;
SC;420030;AGRONÔMICA;0;0;0;0;0;0;2;111;0;0;0;0;
SC;421680;SÃO JOSÉ DO CERRITO;16;47;2;178;2;2;0;65;0;0;1;0;
SC;420845;ITAPOÁ;4;85;6;252;74;17;2;120;0;10;8;15;
SC;420530;FAXINAL DOS GUEDES;9;145;23;457;19;6;7;737;0;1;5;29;
SC;420840;ITAPIRANGA;23;36;5;124;4;7;5;500;0;0;17;12;
SC;421890;URUBICI;11;85;15;214;73;7;4;120;0;1;4;4;
SC;420417;CERRO NEGRO;0;0;0;1;0;0;0;62;0;0;4;0;
SC;421390;PRESIDENTE CASTELLO BRANCO;0;0;0;0;0;0;0;10;0;0;0;0;
SC;420480;CURITIBANOS;84;261;43;827;120;128;13;692;0;7;2;132;
SC;420170;ASCURRA;7;29;12;94;23;3;1;271;0;0;0;0;
SC;421570;SANTO AMARO DA IMPERATRIZ;6;76;15;134;22;2;3;58;0;0;0;0;
SC;421225;PASSO DE TORRES;21;61;7;121;10;4;3;156;0;0;0;3;
SC;420205;BALNEÁRIO BARRA DO SUL;1;45;2;107;4;1;0;13;0;0;1;0;
SC;421190;PALHOÇA;127;830;63;1.503;425;160;32;1.554;0;4;34;46;
SC;420140;ARARANGUÁ;93;357;30;1.045;119;37;4;1.066;0;0;29;12;
SC;420430;CONCÓRDIA;49;140;6;431;17;1;4;293;0;0;16;0;
SC;420207;BALNEÁRIO GAIVOTA;5;14;3;55;7;3;1;108;0;0;0;0;
SC;421910;VARGEÃO;8;39;3;217;1;8;1;444;0;0;0;4;
SC;421340;PONTE SERRADA;18;136;19;558;84;87;4;584;0;4;6;7;
SC;421840;TREZE DE MAIO;0;21;3;43;2;0;2;78;0;0;10;17;
SC;420535;FLOR DO SERTÃO;0;16;2;29;10;7;7;23;0;0;1;1;
SC;421335;PONTE ALTA DO NORTE;2;7;1;31;2;0;0;36;0;0;1;34;
SC;420070;ALFREDO WAGNER;1;16;2;29;4;4;0;43;0;0;2;0;
SC;420920;LACERDÓPOLIS;1;2;1;4;0;0;0;8;0;0;0;0;
SC;421187;PAIAL;1;2;0;6;6;0;0;85;0;0;2;6;
SC;421330;PONTE ALTA;1;13;1;43;7;3;0;31;0;0;1;0;
SC;420380;CANOINHAS;301;236;50;701;83;105;22;460;0;2;1;0;
SC;421900;URUSSANGA;18;87;7;213;30;37;2;308;0;0;2;9;
SC;421545;SANGÃO;4;16;2;81;2;2;1;386;0;0;1;3;
SC;420190;AURORA;0;4;0;13;0;0;0;88;0;0;0;0;
SC;421725;SÃO PEDRO DE ALCÂNTARA;3;7;0;12;1;0;0;12;0;0;1;0;
SC;420435;CORDILHEIRA ALTA;0;0;0;2;0;0;0;5;0;0;0;0;
SC;421175;OTACÍLIO COSTA;8;37;12;185;2;1;5;211;0;0;0;0;
SC;420130;ARAQUARI;18;164;8;422;153;33;4;332;0;14;13;22;
SC;420120;ANTÔNIO CARLOS;18;41;11;126;14;3;3;125;0;0;2;0;
SC;421350;PORTO BELO;37;146;12;341;24;10;7;524;2;4;0;10;
SC;421640;SÃO JOÃO DO SUL;4;22;6;75;58;5;0;77;0;0;2;0;
SC;421810;TIMBÉ DO SUL;29;92;8;243;63;36;3;390;0;0;0;0;
SC;420460;CRICIÚMA;290;996;120;2.478;290;90;113;3.554;1;30;24;304;
SC;420240;BLUMENAU;151;1.019;53;1.656;357;264;220;1.377;0;279;44;52;
SC;420970;LEBON RÉGIS;1;11;2;29;0;1;0;42;0;0;4;0;
SC;421710;SÃO MARTINHO;0;1;0;0;2;1;0;9;0;0;0;0;
SC;421920;VIDAL RAMOS;6;23;7;98;1;1;6;119;1;0;0;0;
SC;421170;ORLEANS;37;83;28;213;13;84;2;240;0;0;5;2;
SC;420750;INDAIAL;59;301;32;789;133;40;20;1.197;0;1;3;8;
SC;421800;TIJUCAS;8;73;11;245;6;70;1;438;0;6;5;6;
SC;421110;MONTE CASTELO;5;11;0;23;0;0;2;30;0;0;4;43;
SC;421569;SANTIAGO DO SUL;1;0;0;5;1;0;0;25;0;0;1;1;
SC;420540;FLORIANÓPOLIS;302;836;89;2.173;144;65;20;2.218;6;49;47;236;
SC;421003;LUZERNA;5;35;6;150;7;15;4;321;0;0;2;3;
SC;420165;ARVOREDO;3;25;7;100;34;11;5;220;0;0;3;4;
SC;421715;SÃO MIGUEL DA BOA VISTA;10;15;0;52;1;0;0;8;0;0;0;1;
SC;420320;CAMBORIÚ;34;159;21;427;42;16;11;322;0;1;9;22;
SC;421775;SUL BRASIL;3;23;8;58;9;3;0;64;0;0;0;4;
SC;421100;MONDAÍ;16;29;10;148;8;3;4;170;0;0;1;11;
SC;421565;SANTA ROSA DO SUL;5;15;1;89;0;8;0;88;0;0;0;0;
SC;420917;JUPIÁ;2;27;4;122;28;0;2;99;0;0;0;6;
SC;420690;IBIRAMA;13;161;10;360;66;23;3;261;0;1;1;6;
SC;420770;IPUMIRIM;10;6;1;68;26;3;0;224;0;3;2;0;
SC;421850;TREZE TÍLIAS;0;0;0;0;0;0;0;42;0;0;0;0;
SC;420860;JABORÁ;0;3;2;5;5;0;2;24;0;0;0;0;
SC;421200;PALMA SOLA;6;27;6;79;6;19;6;80;0;0;1;0;
SC;421315;PLANALTO ALEGRE;1;2;2;20;3;0;0;27;0;0;0;0;
SC;421415;PRINCESA;1;8;2;31;1;0;0;56;0;0;5;0;
SC;421830;TRÊS BARRAS;72;365;75;820;73;70;12;582;0;0;1;4;
SC;421760;SIDERÓPOLIS;14;32;4;75;15;10;6;93;0;1;1;0;
SC;420090;ANGELINA;16;56;13;234;24;5;2;132;0;0;3;4;
SC;420650;GUARAMIRIM;25;59;13;214;14;17;5;152;1;2;1;3;
SC;420230;BIGUAÇU;118;699;110;1.253;361;44;17;1.121;2;13;3;2;
SC;421500;RIO NEGRINHO;86;313;45;846;87;34;7;539;3;0;0;258;
SC;420425;COCAL DO SUL;51;214;26;510;64;12;3;855;0;18;14;27;
SC;421960;XAVANTINA;2;29;4;60;13;3;3;82;0;0;0;0;
SC;421870;TUBARÃO;136;590;91;1.208;178;90;27;2.244;0;3;15;15;
SC;421010;MAFRA;50;430;36;1.260;151;57;10;1.064;0;4;25;32;
SC;420490;DESCANSO;5;96;9;255;30;17;9;135;0;0;5;8;
SC;420520;ERVAL VELHO;1;23;1;18;0;0;2;71;0;0;1;5;
SC;421310;PIRATUBA;0;13;0;20;0;1;0;55;0;0;0;0;
SC;420600;GOVERNADOR CELSO RAMOS;21;88;9;96;30;8;2;196;0;2;1;43;
SC;421205;PALMEIRA;3;36;1;100;1;2;0;49;0;0;0;0;
SC;420040;ÁGUA DOCE;6;0;1;11;0;0;2;64;0;0;0;0;
SC;420180;ATALANTA;0;6;0;46;25;2;1;76;0;0;4;2;
SC;421005;MACIEIRA;1;5;0;9;3;3;2;64;0;0;1;0;
SC;420257;BOM JESUS DO OESTE;0;2;0;0;0;0;0;3;0;0;0;8;
SC;420900;JOAÇABA;17;105;8;226;22;8;6;443;0;1;3;2;
SC;421270;PETROLÂNDIA;0;59;16;279;17;3;2;428;0;1;0;0;
SC;420110;ANITÁPOLIS;2;40;3;111;15;1;0;234;0;0;0;0;
SC;421440;RIO DAS ANTAS;0;3;0;0;1;7;6;56;0;0;0;0;
SC;420213;BELA VISTA DO TOLDO;34;28;2;39;0;3;1;76;0;0;0;0;
SC;421210;PALMITOS;39;37;3;71;6;11;3;120;0;0;2;0;
SC;421630;SÃO JOÃO BATISTA;23;137;18;345;33;16;8;477;0;1;1;1;
SC;421780;TAIÓ;50;345;22;719;21;6;4;1.831;0;3;129;441;
SC;421120;MORRO DA FUMAÇA;14;166;12;242;102;69;3;625;0;0;50;86;
SC;420280;BRAÇO DO NORTE;21;81;6;263;6;1;1;1.010;2;5;2;3;
SC;421567;SANTA TEREZINHA;0;0;0;4;0;0;0;0;0;0;0;0;
SC;420910;JOINVILLE;398;3.831;146;6.023;931;376;50;5.936;3;19;266;1.250;
SC;421040;MARACAJÁ;20;36;4;120;1;0;1;60;0;0;0;38;
SC;420450;CORUPÁ;13;83;6;249;58;6;2;141;0;0;4;4;
SC;420980;LEOBERTO LEAL;6;9;1;8;1;1;0;96;0;0;0;0;
SC;420287;BRUNÓPOLIS;9;9;1;38;0;6;1;162;0;0;0;0;
SC;420757;IOMERÊ;4;5;0;16;0;0;0;7;0;0;0;0;
SC;420253;BOM JESUS;6;28;3;67;55;29;13;192;0;1;0;4;
SC;421507;RIQUEZA;4;11;4;33;10;3;1;54;0;0;0;0;
SC;421400;PRESIDENTE GETÚLIO;9;32;4;109;19;6;0;145;0;4;10;1;
SC;420890;JARAGUÁ DO SUL;46;339;29;843;267;129;20;702;0;10;25;124;
SC;420830;ITAPEMA;29;127;7;216;20;4;8;455;2;6;1;0;
SC;420395;CAPIVARI DE BAIXO;12;21;6;29;5;4;2;86;0;0;4;1;
SC;420475;CUNHATAÍ;5;10;6;66;14;6;0;48;0;0;2;1;
SC;421795;TIGRINHOS;0;7;16;28;3;0;1;21;0;0;0;2;
SC;421105;MONTE CARLO;1;44;8;74;5;6;2;45;1;0;3;10;
SC;420880;JAGUARUNA;14;86;5;145;7;12;6;315;0;2;0;85;
SC;421240;PEDRAS GRANDES;10;29;0;22;57;14;3;171;0;5;1;1;
SC;420850;ITUPORANGA;32;16;6;161;0;4;0;203;0;0;5;2;
SC;421430;RANCHO QUEIMADO;3;11;0;49;15;1;0;5;0;0;0;0;
SC;421930;VIDEIRA;51;211;52;397;123;83;41;622;0;0;30;35;
SC;421610;SÃO DOMINGOS;40;57;18;264;205;36;4;335;0;0;1;1;
SC;420050;ÁGUAS DE CHAPECÓ;4;9;5;13;1;3;0;14;0;0;0;2;
SC;420610;GRÃO PARÁ;10;20;4;44;4;3;3;56;0;0;3;2;
SC;420200;BALNEÁRIO CAMBORIÚ;52;401;30;955;126;49;33;536;0;5;29;37;
SC;420420;CHAPECÓ;166;1.043;120;3.800;299;207;20;2.180;1;7;86;1.082;
SC;420390;CAPINZAL;9;37;3;127;7;0;0;39;0;0;3;8;
SC;420700;IÇARA;109;301;7;588;47;2;6;1.300;0;0;36;54;
SC;420075;ALTO BELA VISTA;0;50;14;170;0;1;0;113;0;0;1;1;
SC;420010;ABELARDO LUZ;13;18;8;79;56;6;0;83;0;0;0;0;
SC;420780;IRANI;5;58;22;189;34;62;17;237;0;1;0;1;
SC;421020;MAJOR GERCINO;5;5;0;6;0;0;0;6;0;0;0;0;
SC;421700;SÃO LUDGERO;3;12;1;13;6;3;1;33;0;0;0;0;
SC;420290;BRUSQUE;194;641;89;1.612;416;121;30;2.937;0;15;42;97;
SC;421290;PINHALZINHO;20;26;1;64;81;0;4;125;0;0;13;70;
SC;420330;CAMPO ALEGRE;20;54;19;261;41;10;4;252;0;0;27;36;
SC;421145;NOVA ITABERABA;4;27;8;70;24;8;4;47;0;0;1;0;
SC;421985;ZORTÉA;6;12;1;31;10;2;3;125;0;0;0;1;
SC;421370;POUSO REDONDO;18;161;18;450;123;48;9;515;0;0;0;0;
SC;420060;ÁGUAS MORNAS;6;36;5;98;12;0;2;23;0;1;0;0;
SC;421970;XAXIM;44;73;15;122;29;3;1;191;0;0;8;40;
SC;420415;CELSO RAMOS;4;6;3;35;6;3;2;56;0;0;2;6;
SC;420470;CUNHA PORÃ;20;39;18;157;15;15;12;265;1;0;7;7;
SC;420640;GUARACIABA;11;87;14;349;46;5;2;180;0;0;6;2;
SC;421915;VARGEM;9;3;7;43;5;0;0;55;0;0;0;0;
SC;421030;MAJOR VIEIRA;4;13;3;22;2;0;0;120;0;0;0;0;
SC;421895;URUPEMA;0;0;0;0;2;0;0;233;0;0;0;0;
SC;420400;CATANDUVAS;47;56;10;146;46;13;3;186;0;1;0;20;
SC;420720;IMARUÍ;27;125;11;458;45;6;5;610;0;0;10;12;
SC;420545;FORQUILHINHA;68;178;21;379;51;9;3;589;0;1;6;156;
SC;420160;ARROIO TRINTA;0;27;1;63;15;1;2;31;0;0;13;38;
SC;420410;CAXAMBU DO SUL;0;7;4;20;1;0;2;117;0;0;0;0;
SC;421360;PORTO UNIÃO;23;103;28;247;22;1;13;126;0;1;0;0;
SC;420570;GAROPABA;14;84;21;204;33;24;1;121;0;1;2;2;
SC;420208;BANDEIRANTE;6;7;4;29;2;2;24;136;0;0;0;23;
SC;421150;NOVA TRENTO;10;41;3;209;2;4;1;197;0;1;0;0;
SC;420790;IRINEÓPOLIS;11;38;17;138;3;2;1;171;0;0;1;82;
SC;420220;BENEDITO NOVO;4;43;15;150;32;10;7;56;0;34;3;9;
SC;420730;IMBITUBA;3;57;4;43;16;10;1;73;0;0;6;21;
SC;421085;MIRIM DOCE;13;14;5;6;2;0;0;145;0;0;21;0;
SC;420055;ÁGUAS FRIAS;1;16;3;14;0;0;1;71;0;0;0;0;
SC;420990;LONTRAS;8;61;3;177;42;31;4;281;0;0;3;0;
SC;420768;IPUAÇU;0;1;0;1;7;0;0;1;0;0;0;0;
SC;421790;TANGARÁ;10;31;8;122;37;7;7;128;0;0;1;2;
SC;421223;PARAÍSO;2;26;8;40;0;0;8;24;0;0;9;36;
SC;421625;SÃO JOÃO DO OESTE;4;47;4;203;76;10;15;233;0;0;1;3;
SC;421230;PAULO LOPES;16;27;1;41;5;0;0;7;0;0;0;2;
SC;420680;IBICARÉ;0;2;1;31;4;0;1;24;0;0;3;3;
SC;420930;LAGES;157;1.077;206;2.535;379;175;52;2.633;0;2;28;35;
SC;421320;POMERODE;23;169;12;545;123;7;5;903;0;0;7;4;
SC;421060;MASSARANDUBA;4;113;4;214;87;14;10;240;0;1;19;20;
SC;420785;IRATI;1;1;0;0;0;0;0;31;1;0;0;0;
SC;420360;CAMPOS NOVOS;52;126;50;348;109;62;11;200;0;1;3;8;
SC;421165;NOVO HORIZONTE;2;4;4;21;1;0;1;21;0;0;0;0;
SC;422000;BALNEÁRIO RINCÃO;13;77;1;69;13;5;1;99;0;3;2;3;
SC;420245;BOMBINHAS;4;48;4;122;28;4;1;78;0;1;0;10;
SC;420440;CORONEL FREITAS;14;58;10;196;22;10;6;574;0;0;40;77;
SC;420209;BARRA BONITA;0;1;0;4;0;0;0;1;0;0;0;0;
SC;421160;NOVA VENEZA;12;37;6;93;116;6;5;516;1;1;3;10;
SC;421055;MAREMA;0;0;0;0;0;0;1;32;0;0;0;0;
SC;420250;BOM JARDIM DA SERRA;0;1;0;5;0;0;0;0;0;0;0;0;
SC;420445;CORONEL MARTINS;12;51;2;196;47;1;12;189;0;4;0;50;
SC;420080;ANCHIETA;11;14;1;79;1;2;0;13;0;0;10;0;
SC;420760;IPIRA;1;65;3;118;17;0;0;143;0;0;0;0;
SC;421730;SAUDADES;1;16;1;49;4;4;0;6;0;0;5;9;
SC;421490;RIO FORTUNA;0;58;1;81;6;2;1;313;0;0;13;14;
SC;421265;PESCARIA BRAVA;17;21;1;23;2;1;1;28;0;0;0;0;
SC;421189;PAINEL;1;7;1;14;2;1;1;18;0;0;0;0;


Fonte: Sistema de Informação em Saúde para a Atenção Básica - SISAB;
E-mail: sisab@saude.gov.br;
Dado gerado em: 14 de Abril de 2022 - 16:11h
Coordenação Geral de Informação da Atenção Primária - CGIAP/DESF
